0.063242 0 0.086305 0 0 0 0 0 0.122368 0.133069 0 0 0.129443 0 0 0 0 0
0.061281 0.098907 0.12882 0 0 0 0 0 0.1291 0 0 0 0.124182 0 0 0 0 0
0.061706 0 0.11027 0.127077 0 0 0 0 0.127614 0 0 0 0.125768 0 0 0 0 0
0.063352 0 0.136706 0 0 0 0 0 0.128142 0 0 0 0.133157 0 0 0.131415 0 0
0.063248 0 0.134856 0 0 0 0 0.127393 0.119546 0.129684 0 0 0 0 0 0 0 0
0.062622 0.118693 0.129177 0 0 0 0 0.123183 0.12874 0 0 0 0 0 0 0 0 0
0.062748 0 0.113604 0.115199 0 0 0 0.125695 0.099716 0 0 0 0 0 0 0 0 0
0.063516 0 0.132037 0 0 0 0 0.126455 0.116035 0 0 0 0 0 0 0.12571 0 0
0.058231 0 0.136367 0 0 0 0.105236 0 0.127865 0.108865 0 0 0 0 0 0 0 0.035238
0.063386 0.107104 0.129177 0 0 0 0.12636 0 0.107108 0 0 0 0 0 0 0 0 0
0.060893 0 0.131789 0.123726 0 0 0.131173 0 0.122115 0 0 0 0 0 0 0 0 0
0.062908 0 0.128411 0 0 0 0.140105 0 0.127982 0 0 0 0 0 0 0.093967 0 0
0.065738 0 0.12611 0 0 0 0 0 0.13412 0.138798 0 0 0 0.129452 0 0 0 0
0.062639 0.123978 0.121018 0 0 0 0 0 0.128027 0 0 0 0 0.095461 0 0 0 0
0.065371 0 0.105268 0.127894 0 0 0 0 0.128692 0 0 0 0 0.124236 0 0 0 0
0.063085 0 0.103967 0 0 0 0 0 0.129507 0 0 0 0 0.117584 0 0.124267 0 0
0.062891 0 0.135053 0 0 0 0 0 0 0.121364 0 0 0.128226 0 0 0 0.098276 0
0.060773 0.106629 0.129515 0 0 0 0 0 0 0 0 0 0.129784 0 0 0 0.125244 0
0.061003 0 0.134881 0.125969 0 0 0 0 0 0 0 0 0.127654 0 0 0 0.131638 0
0.063194 0 0.133225 0 0 0 0 0 0.01321 0 0 0 0.122253 0 0 0.105496 0.131154 0.03148
0.066933 0 0.142148 0 0 0 0 0.128389 0 0.089612 0 0 0 0 0 0 0.125673 0
0.060323 0.116296 0.127439 0 0 0 0 0.128992 0 0 0 0 0 0 0 0 0.130363 0
0.061538 0 0.130401 0.125139 0 0 0 0.116811 0 0 0 0 0 0 0 0 0.126854 0
0.062133 0 0.129746 0 0 0 0 0.129651 0 0 0 0 0 0 0 0.136022 0.129131 0
0.062755 0 0.128039 0 0 0 0.133377 0 0 0.113204 0 0 0 0 0 0 0.126365 0
0.063507 0.141526 0.119568 0 0 0 0.106867 0 0 0 0 0 0 0 0 0 0.131048 0
0.061338 0 0.113137 0.120767 0 0 0.096647 0 0 0 0 0 0 0 0 0 0.133074 0
0.058895 0 0.138534 0 0 0 0.125521 0 0 0 0 0 0 0 0 0.140434 0.110524 0
0.064679 0 0.119789 0 0 0 0 0 0 0.124385 0 0 0 0.132143 0 0 0.111006 0
0.063342 0.12719 0.120835 0 0 0 0 0 0 0 0 0 0 0.13572 0 0 0.124359 0
0.064229 0 0.116718 0.13558 0 0 0 0 0 0 0 0 0 0.097596 0 0 0.130373 0
0.063773 0 0.133018 0 0 0 0 0 0.007049 0 0 0 0 0.119246 0 0.127657 0.13347 0
0.064014 0 0.12854 0 0 0 0 0 0 0.128247 0.129373 0.007216 0.117122 0 0 0 0 0
0.062467 0.130997 0.12119 0 0 0 0 0 0 0 0.126242 0 0.102497 0 0 0 0 0
0.064808 0 0.126489 0.111079 0 0 0 0 0 0 0.126905 0 0.123292 0 0 0 0 0
0.062338 0 0.129005 0 0 0 0 0 0 0 0.135864 0 0.129933 0 0 0.106377 0 0
0.061583 0 0.128245 0 0 0 0 0.131138 0 0.138338 0.120925 0 0 0 0 0 0 0
0.063766 0.128861 0.125469 0 0 0 0 0.103094 0 0 0.125005 0 0 0 0 0 0 0.848202
0.060929 0 0.133547 0.115532 0 0 0 0.121723 0 0 0.106215 0 0 0 0 0 0 0
0.062612 0 0.134152 0 0 0 0 0.101412 0 0 0.109677 0 0 0 0 0.130126 0 0
0.061018 0 0.090383 0 0 0 0.135232 0 0 0.102249 0.12533 0 0 0 0 0 0 0
0.060059 0.141111 0.123154 0 0 0 0.10609 0 0 0 0.128181 0 0 0 0 0 0 0
0.063011 0 0.11384 0.122939 0 0 0.136573 0 0 0 0.113444 0 0 0.001807 0 0 0 0
0.063669 0 0.128641 0 0 0 0.13269 0 0 0 0.114147 0 0 0 0 0.122924 0 0
0.06088 0 0.130718 0 0 0 0 0 0 0.11826 0.130669 0 0 0.134763 0 0 0 0
0.058535 0.134142 0.094432 0 0 0 0 0 0 0 0.133273 0 0 0.132834 0 0 0 0
0.063526 0 0.091374 0.119739 0 0 0 0 0 0 0.131446 0 0 0.12958 0 0 0 0
0.064441 0 0.137423 0 0 0 0 0 0 0 0.120875 0 0 0.113475 0 0.116403 0 0
0.062989 0 0.126984 0 0 0.100751 0 0 0 0.134138 0 0 0.123249 0 0 0 0 0
0.06477 0.1028 0.119486 0 0 0.120295 0 0 0 0 0 0 0.121646 0 0 0 0 0
0.062642 0 0.12185 0.105166 0 0.123526 0 0 0 0 0 0 0.125644 0 0 0 0 0
0.060642 0 0.139153 0 0 0.131172 0 0 0 0 0 0 0.130492 0 0 0.132617 0 0
0.066376 0 0.132554 0 0 0.128832 0 0.124177 0 0.116691 0 0 0 0 0 0 0 0
0.063277 0.134173 0.117375 0 0 0.123444 0 0.117703 0 0 0 0 0 0 0 0 0.005782 0
0.063332 0 0.136608 0.117273 0 0.116837 0 0.111878 0 0 0 0 0 0 0 0 0 0
0.063321 0 0.140396 0 0 0.126568 0 0.120677 0 0 0 0 0 0 0 0.120631 0 0
0.065083 0 0.094746 0 0 0.130422 0.108784 0 0 0.12012 0 0 0 0 0 0 0 0.402778
0.060214 0.140342 0.118365 0 0 0.133603 0.124421 0 0 0 0 0 0 0 0 0 0 0
0.062694 0 0.129964 0.118925 0 0.124356 0.111478 0 0 0 0 0 0 0 0 0 0 0
0.061836 0 0.13209 0 0 0.132326 0.104624 0 0 0 0 0 0 0 0 0.12557 0 0
0.059301 0 0.131456 0 0 0.1182 0 0 0 0.129779 0 0 0 0.088821 0 0 0 0
0.063472 0.12395 0.120771 0 0 0.112101 0 0 0 0 0 0 0 0.130453 0 0 0 0
0.065314 0 0.120857 0.127717 0 0.124025 0 0 0 0 0 0 0 0.127697 0 0 0 0
0.064541 0 0.134039 0 0 0.104399 0 0 0 0 0 0 0 0.136597 0 0.133304 0 0
0.059866 0 0 0 0.125968 0 0 0 0.134666 0.132973 0 0 0.132799 0 0 0 0 0.005893
0.066117 0.116473 0 0 0.118247 0 0 0 0.127574 0 0 0 0.120807 0 0 0 0 0
0.063267 0 0 0.136507 0.125713 0 0 0 0.119234 0 0 0 0.129446 0 0 0 0 0
0.063086 0 0 0 0.130016 0 0 0 0.129362 0 0 0 0.135558 0 0 0.126382 0 0
0.061336 0 0 0 0.143189 0 0 0.12731 0.119152 0.121502 0 0 0 0 0 0 0 0
0.063684 0.130938 0 0 0.112865 0 0 0.113972 0.128084 0 0 0 0 0 0 0 0 0
0.061878 0 0 0.127457 0.118672 0 0 0.109663 0.123711 0 0 0 0 0 0 0 0 0
0.064613 0 0 0 0.122723 0 0 0.129972 0.098014 0 0 0 0 0 0 0.131116 0 0
0.063168 0 0 0 0.126448 0 0.120132 0 0.13034 0.102749 0 0 0 0 0 0 0 0
0.063814 0.129846 0 0 0.088408 0 0.129223 0 0.118174 0 0 0 0 0 0 0 0 0
0.062053 0 0 0.123171 0.133378 0 0.105935 0 0.122869 0 0 0 0 0 0 0 0 0
0.058257 0 0 0 0.131808 0 0.119721 0 0.13506 0 0 0 0 0 0 0.100231 0 0
0.064032 0 0 0 0.144483 0 0 0 0.127334 0.127496 0 0 0 0.107474 0 0 0 0
0.061311 0.127976 0 0 0.129845 0 0 0 0.109046 0 0 0 0 0.139512 0 0 0 0
0.065817 0 0 0.130831 0.125895 0 0 0 0.121877 0 0 0 0 0.127056 0 0 0 0
0.064897 0 0 0 0.128403 0 0 0 0.127568 0 0 0 0 0.12068 0 0.132534 0 0
0.058949 0 0 0 0.125138 0 0 0 0 0.139871 0 0 0.105671 0 0 0 0.114468 0
0.06577 0.129206 0 0 0.126583 0 0 0 0 0 0 0 0.129474 0 0 0 0.110647 0
0.064612 0 0 0.130574 0.109489 0 0 0 0 0 0 0 0.129372 0 0 0 0.13308 0
0.061592 0 0 0 0.097913 0 0 0 0 0 0 0 0.136571 0 0 0.140682 0.132222 0.119245
0.060895 0 0 0 0.143825 0 0 0.120299 0 0.126199 0 0 0 0 0 0 0.137368 0
0.062961 0.12919 0 0 0.134466 0 0 0.12928 0 0 0 0 0 0 0 0 0.134649 0
0.063687 0 0 0.130768 0.102716 0 0 0.120174 0 0 0 0 0 0 0 0 0.130757 0
0.064404 0 0 0 0.117304 0 0 0.12863 0 0 0 0 0 0 0 0.133979 0.128804 0
0.063311 0 0 0 0.132535 0 0.085725 0 0 0.126184 0 0 0 0 0 0 0.121019 0
0.064093 0.138881 0.008047 0 0.126521 0 0.100507 0 0 0 0 0 0 0 0 0 0.131582 0
0.06341 0 0 0.125557 0.125028 0 0.131337 0 0 0 0 0 0 0 0 0 0.112137 0
0.060692 0 0 0 0.100982 0 0.141025 0 0 0 0 0 0 0 0 0.13425 0.137364 0
0.064364 0 0 0 0.116474 0 0 0 0 0.130068 0 0 0 0.141228 0 0 0.139402 0
0.059013 0.104432 0 0 0.125095 0 0 0 0 0 0 0 0 0.104795 0 0 0.107803 0
0.059141 0 0 0.131307 0.110101 0 0 0 0 0 0 0 0 0.131605 0 0 0.082306 0
0.065707 0 0 0 0.132336 0 0 0 0 0 0 0 0 0.140534 0 0.123427 0.13369 0.11906
0.063525 0 0 0 0.118239 0 0 0 0 0.091857 0.122148 0 0.111655 0 0 0 0 0
0.063139 0.121781 0 0 0.11427 0 0 0 0 0 0.124664 0 0.130564 0 0 0 0 0
0.059971 0 0 0.1345 0.129209 0 0 0 0 0 0.13282 0 0.122794 0 0 0 0 0
0.057793 0 0 0 0.14222 0 0 0 0 0 0.104214 0 0.132145 0 0 0.097765 0 0
0.060748 0 0 0 0.143044 0 0 0.133227 0 0.116029 0.113317 0 0 0 0 0 0 0
0.062349 0.129951 0 0 0.120924 0 0 0.120524 0 0 0.119288 0 0 0 0 0 0 0
0.058033 0 0 0.11359 0.110434 0 0 0.122545 0 0 0.128306 0 0 0 0 0 0 0
0.05673 0 0 0 0.108433 0 0 0.099249 0 0 0.132843 0 0 0 0 0.10878 0 0
0.059188 0 0 0 0.144979 0 0.139438 0 0 0.130856 0.126668 0 0 0 0 0 0 0
0.064623 0.126274 0 0 0.098705 0 0.123609 0 0 0 0.112233 0 0 0 0 0 0 0
0.064988 0 0 0.119345 0.112387 0 0.133275 0 0 0 0.12074 0 0 0 0 0 0 0
0.064859 0 0 0 0.142362 0 0.109885 0 0 0 0.094905 0 0 0 0 0.13195 0 0
0.061823 0 0 0 0.137819 0 0 0 0 0.105042 0.12891 0 0 0.135394 0 0 0 0
0.061197 0.121874 0 0 0.126648 0 0 0 0 0 0.128768 0 0 0.13447 0 0 0 0
0.062394 0 0 0.131841 0.1302 0 0 0 0 0 0.129396 0 0 0.109569 0 0 0 0
0.063049 0 0 0 0.137494 0 0 0 0 0 0.118615 0 0 0.12936 0 0.133698 0 0.00364
0.061689 0 0 0 0.12016 0.126639 0 0 0 0.110466 0 0 0.116184 0 0 0 0 0
0.061998 0.130228 0 0 0.132144 0.121764 0 0 0 0 0 0 0.127024 0 0 0 0 0
0.06163 0 0 0.127816 0.126447 0.129564 0 0 0 0 0 0 0.121515 0 0 0 0 0.001752
0.060637 0 0 0 0.144177 0.12423 0 0 0 0 0 0 0.120291 0 0 0.136775 0 0
0.059443 0 0 0 0.143655 0.123811 0 0.133618 0 0.095229 0 0 0 0 0 0 0 0
0.057846 0.10004 0 0 0.116707 0.130517 0 0.131151 0 0 0 0 0 0 0 0 0 0
0.063686 0 0 0.105686 0.126795 0.115475 0 0.121925 0 0 0 0 0 0 0 0 0 0
0.063334 0 0 0 0.128509 0.12887 0 0.129434 0 0 0 0 0 0 0 0.134313 0 0
0.062396 0 0 0 0.122419 0.126901 0.121105 0 0 0.12327 0 0 0 0 0 0 0 0
0.060604 0.138044 0 0 0.101831 0.131319 0.100891 0 0 0 0 0 0 0 0 0 0 0
0.066209 0 0 0.12421 0.132463 0.108771 0.126936 0 0 0 0 0 0 0 0 0 0 0
0.060955 0 0 0 0.098643 0.14045 0.137448 0 0 0 0 0 0 0 0 0.135852 0 0
0.059184 0 0 0 0.138207 0.072202 0 0 0 0.128804 0 0 0 0.120185 0 0 0 0
0.061353 0.093839 0 0 0.116109 0.117105 0 0 0 0 0 0 0 0.116663 0 0 0 0
0.06485 0 0 0.128054 0.117593 0.1247 0 0 0 0 0 0 0 0.108369 0 0 0 0
0.063532 0 0 0 0.138971 0.124562 0 0 0 0 0 0 0 0.119569 0 0.135246 0 0
0.067101 0 0 0 0 0 0 0 0.127011 0.136739 0 0 0.122995 0 0.122299 0 0 0
0.063397 0.121843 0 0 0 0 0 0 0.121283 0 0 0 0.131899 0 0.127672 0 0 0
0.061864 0 0 0.135979 0 0 0 0 0.132664 0 0 0 0.095214 0 0.13615 0 0 0
0.063926 0 0 0 0 0 0 0 0.12475 0 0 0 0.136063 0 0.128519 0.098542 0 0.065703
0.062406 0 0 0 0 0 0 0.135735 0.134275 0.12894 0 0 0 0 0.140443 0 0 0
0.060109 0.118957 0 0 0 0 0 0.132585 0.129302 0 0 0 0 0 0.073353 0 0 0
0.060226 0 0 0.14044 0 0 0 0.08858 0.132802 0 0 0 0 0 0.130174 0 0 0
0.064195 0 0 0 0 0 0 0.135086 0.13115 0 0 0 0 0 0.132001 0.129596 0 0
0.061856 0 0 0 0 0 0.146605 0 0.132064 0.105152 0 0 0 0 0.11786 0 0 0
0.060196 0.114267 0 0 0 0 0.131031 0 0.127804 0 0 0 0 0 0.099097 0 0 0
0.060164 0 0 0.131518 0 0 0.116747 0 0.133596 0 0 0 0 0 0.130923 0 0 0
0.062616 0 0 0 0 0 0.132458 0 0.11332 0 0 0 0 0 0.134631 0.128506 0 0
0.064899 0 0 0 0 0 0 0 0.13435 0.136097 0 0 0 0.10222 0.125558 0 0 0
0.062238 0.086531 0 0 0 0 0 0 0.134236 0 0 0 0 0.136426 0.137367 0 0 0.001135
0.063487 0 0 0.129642 0 0 0 0 0.124869 0 0 0 0 0.125719 0.13162 0 0 0
0.064151 0 0 0 0 0 0 0 0.132425 0 0 0 0 0.136655 0.137592 0.133582 0 0
0.056286 0 0 0 0 0 0 0 0 0.149751 0 0 0.13629 0 0.105481 0 0.127733 0
0.059526 0.134243 0 0 0 0 0 0 0 0 0 0 0.137579 0 0.138556 0 0.135296 0
0.063172 0 0 0.126642 0 0 0 0 0 0 0 0 0.135524 0 0.129107 0 0.133476 0
0.065748 0 0 0 0 0 0 0 0 0 0 0 0.129567 0 0.096968 0.126593 0.122344 0
0.063485 0 0 0 0 0 0 0.139902 0 0.135077 0 0 0 0 0.112771 0 0.12285 0
0.065986 0.13406 0 0 0 0 0 0.132332 0 0 0 0 0 0 0.13674 0 0.097879 0
0.057016 0 0 0.135688 0 0 0 0.13884 0 0 0 0 0 0 0.139472 0 0.118377 0.012558
0.064724 0 0 0 0 0 0 0.134137 0 0 0 0 0 0 0.113473 0.136707 0.13037 0
0.061789 0 0 0 0 0 0.102095 0 0 0.140407 0 0 0 0 0.129648 0 0.138337 0
0.063983 0.141449 0 0 0 0 0.133231 0 0 0 0 0 0 0 0.098495 0 0.110263 0
0.061374 0 0 0.133214 0 0 0.13913 0 0 0 0 0 0 0 0.136864 0 0.138558 0
0.06354 0 0 0 0 0 0.142914 0 0 0 0 0 0 0 0.136587 0.138545 0.11256 0
0.061631 0 0 0 0 0 0 0 0 0.108308 0 0 0 0.141216 0.134056 0 0.108365 0
0.063774 0.12457 0 0 0 0 0 0 0 0 0 0 0 0.13733 0.117688 0 0.132822 0.007772
0.066278 0 0 0.129505 0 0 0 0 0 0 0 0 0 0.123696 0.134096 0 0.117349 0
0.057168 0 0 0 0 0 0 0 0 0 0 0 0 0.131572 0.144569 0.135078 0.137313 0.013519
0.061424 0 0 0 0 0 0 0 0 0.127269 0.132889 0 0.133917 0 0.1349 0 0 0
0.060168 0.131405 0 0 0 0 0 0 0.002808 0 0.102599 0 0.104417 0 0.110484 0 0 0
0.061822 0 0 0.132391 0 0 0 0 0 0 0.135005 0 0.129727 0 0.136955 0 0 0
0.064965 0 0 0 0 0 0 0 0 0 0.12772 0 0.135164 0 0.131215 0.128188 0 0.011187
0.062801 0 0 0 0 0 0 0.112759 0 0.144569 0.133661 0 0 0 0.08995 0 0 0
0.063904 0.11642 0 0 0 0 0 0.125811 0 0 0.114202 0 0 0 0.137449 0 0 0
0.065261 0 0 0.121326 0 0 0 0.135001 0 0 0.134948 0 0 0 0.131887 0 0 0
0.063444 0 0 0 0 0 0 0.138056 0 0 0.13283 0 0 0 0.11268 0.13483 0 0
0.064278 0 0 0 0 0 0.145582 0 0 0.140192 0.116233 0 0 0 0.119681 0 0 0
0.062342 0.131998 0 0 0 0 0.130843 0 0 0 0.132352 0 0 0 0.108133 0 0 0
0.06192 0 0 0.119011 0 0 0.069973 0 0 0 0.125732 0 0 0 0.132125 0 0 0.006218
0.065664 0 0 0 0 0 0.150962 0 0 0.003473 0.123867 0 0 0 0.127927 0.080395 0 0
0.061881 0 0 0 0 0 0 0 0 0.126982 0.137011 0 0 0.104491 0.143065 0 0 0
0.062923 0.106246 0 0 0 0 0 0 0 0 0.120408 0 0 0.13607 0.115975 0 0 0
0.063172 0 0 0.119631 0 0 0 0 0 0 0.130687 0 0 0.131032 0.098469 0 0 0
0.05843 0 0 0 0 0 0 0 0 0 0.132937 0 0 0.118467 0.136942 0.136206 0 0
0.064988 0 0 0 0 0.128618 0 0 0 0.128721 0 0 0.12588 0 0.131024 0 0 0
0.062276 0.121671 0 0 0 0.116618 0 0 0 0 0 0 0.121639 0 0.125469 0 0 0
0.060533 0 0 0.107567 0 0.12623 0 0 0 0 0 0 0.126961 0 0.127792 0 0 0
0.060615 0 0 0 0 0.126748 0 0 0 0 0 0 0.139209 0 0.1043 0.114388 0 0
0.063905 0 0 0 0 0.111538 0 0.129278 0 0.118115 0 0 0 0 0.133929 0 0 0
0.064883 0.120275 0 0 0 0.125308 0 0.123695 0 0 0 0 0 0 0.13145 0 0 0
0.062831 0 0 0.131723 0 0.104874 0 0.133091 0 0 0 0 0 0 0.121455 0 0 0
0.059289 0 0 0 0 0.133645 0 0.111811 0 0 0 0 0 0 0.137071 0.101259 0 0.045366
0.064172 0 0 0 0 0.133043 0.144139 0 0 0.104069 0 0 0 0 0.134213 0 0 0
0.064288 0.143522 0 0 0 0.116248 0.138081 0 0 0 0 0 0 0 0.130344 0 0 0
0.065383 0 0 0.104227 0 0.12942 0.13601 0 0 0 0 0 0 0 0.095897 0 0 0
0.063006 0 0 0 0 0.136502 0.140919 0 0 0 0 0 0 0 0.119083 0.131224 0 0
0.061297 0 0 0 0 0.133514 0 0 0 0.136217 0 0 0 0.136309 0.096503 0 0 0
0.058714 0.128257 0 0 0 0.084761 0 0 0 0 0 0 0 0.142188 0.119203 0 0 0.061288
0.062539 0 0 0.127163 0 0.124212 0 0 0 0 0 0 0 0.09928 0.12384 0 0 0.068454
0.064314 0 0 0 0 0.1205 0 0 0 0 0 0 0 0.105981 0.13355 0.106711 0 0
0.06323 0 0 0 0 0 0 0 0.09884 0.12519 0 0.119803 0.104433 0 0 0 0 0
0.063027 0.1297 0 0 0 0 0 0 0.133307 0 0 0.136937 0.128716 0 0 0 0 0
0.061493 0 0 0.123178 0 0 0 0 0.103536 0 0 0.144034 0.132544 0 0 0 0 0
0.063209 0 0 0 0 0 0 0 0.12611 0 0 0.137391 0.134174 0 0 0.128417 0 0
0.059879 0 0 0 0 0 0 0.130344 0.128963 0.081714 0 0.134418 0 0 0 0 0 0
0.0621 0.135327 0 0 0 0 0 0.133765 0.128368 0 0 0.10013 0 0 0 0 0 0
0.063173 0 0 0.112853 0 0 0 0.133581 0.12906 0 0 0.131249 0 0 0 0 0 0
0.064828 0 0 0 0 0 0 0.137547 0.123709 0 0 0.13239 0 0 0 0.110619 0 0
0.062283 0 0 0 0 0 0.136647 0 0.12737 0.132211 0 0.129145 0 0 0 0 0 0
0.061658 0.137247 0 0 0 0 0.113749 0 0.12702 0 0 0.108547 0 0 0 0 0 0.013707
0.061525 0 0 0.130795 0 0 0.137977 0 0.12242 0 0 0.137837 0 0 0 0 0 0.05489
0.061393 0 0 0 0 0 0.138429 0 0.13234 0 0 0.132144 0 0 0 0.131329 0 0
0.062609 0 0 0 0 0 0 0 0.126993 0.123605 0 0.134532 0 0.125722 0 0 0 0
0.062631 0.117185 0 0 0 0 0 0 0.123126 0 0 0.136321 0 0.113352 0 0 0 0
0.063589 0 0 0.139133 0 0 0 0 0.130391 0 0 0.116933 0 0.128745 0 0 0 0
0.064804 0 0 0 0 0 0 0 0.10145 0 0 0.13167 0 0.135501 0 0.129395 0 0.000322
0.062638 0 0 0 0 0 0 0 0 0.132851 0 0.104976 0.123374 0 0 0 0.137774 0.052203
0.063914 0.127341 0 0 0 0 0 0 0 0 0 0.139126 0.087042 0 0 0 0.131624 0
0.061432 0 0 0.133512 0 0 0 0 0 0 0 0.143179 0.122133 0 0 0 0.125434 0
0.061702 0 0 0 0 0 0 0 0 0 0 0.144427 0.129515 0 0 0.135327 0.116912 0
0.060255 0 0 0 0 0 0 0.148073 0 0.133905 0 0.139086 0 0 0 0 0.139949 0.08573
0.061776 0.119629 0 0 0 0 0 0.118732 0 0 0 0.122047 0 0 0 0 0.13413 0
0.060635 0 0 0.123431 0 0 0 0.111656 0 0 0 0.071136 0 0 0 0 0.099468 0
0.06233 0 0 0 0 0 0 0.133882 0 0 0 0.141414 0 0 0 0.137878 0.132453 0
0.064835 0 0 0 0 0 0.11893 0 0 0.131788 0 0.104503 0 0 0 0 0.138753 0.02444
0.063337 0.139477 0 0 0 0 0.125511 0 0 0 0 0.126977 0 0 0 0 0.122015 0
0.061269 0 0 0.131917 0 0 0.134544 0 0 0 0 0.131126 0 0 0 0 0.139257 0
0.062741 0 0 0 0 0 0.130758 0 0 0 0 0.116185 0 0 0 0.138076 0.121518 0
0.063569 0 0 0 0 0 0 0 0 0.119759 0 0.094393 0 0.130777 0 0 0.104378 0
0.059952 0.118299 0 0 0 0 0 0 0 0 0 0.092545 0 0.092929 0 0 0.118399 0
0.064193 0 0 0.093072 0 0 0 0 0 0 0 0.126859 0 0.133123 0 0 0.130305 0
0.064246 0 0 0 0 0 0 0 0 0 0 0.144125 0 0.132071 0 0.133785 0.09678 0
0.062862 0 0 0 0 0 0 0 0 0.141687 0.126328 0.133522 0.128178 0 0 0 0 0.00106
0.066741 0.126668 0 0 0 0 0 0 0 0 0.129908 0.131876 0.125785 0 0 0 0 0
0.064539 0 0 0.123708 0 0 0 0 0 0 0.120107 0.087454 0.127001 0 0 0 0 0
0.063486 0 0 0 0 0 0 0 0 0 0.121919 0.120302 0.133016 0 0 0.112265 0 0
0.058632 0 0 0 0 0 0 0.126504 0 0.139115 0.133499 0.105782 0 0 0 0 0 0
0.062546 0.110538 0 0 0 0 0 0.132864 0 0 0.13106 0.11648 0 0 0 0 0 0
0.064786 0 0 0.125268 0 0 0 0.126348 0 0 0.112649 0.130655 0 0 0 0 0 0
0.061228 0 0 0 0 0 0 0.094182 0 0 0.121033 0.133868 0 0 0 0.130503 0 0
0.064784 0 0 0 0 0 0.135133 0 0 0.12311 0.128641 0.12596 0 0 0 0 0 0
0.061619 0.132685 0 0 0 0 0.132456 0 0 0 0.124346 0.126368 0 0 0 0 0 0
0.060283 0 0 0.126029 0 0 0.121958 0 0 0 0.125627 0.081553 0 0 0 0 0 0
0.060471 0 0 0 0 0 0.08635 0 0 0 0.131378 0.145026 0 0 0 0.114003 0 0.241361
0.059592 0 0 0 0 0 0 0 0 0.132892 0.12981 0.127737 0 0.132808 0 0 0 0
0.057825 0.136534 0 0 0 0 0 0 0 0 0.135568 0.115351 0 0.122015 0 0 0 0
0.063128 0 0 0.133729 0 0 0 0 0 0 0.125097 0.136017 0 0.130743 0 0 0 0
0.063515 0 0 0 0 0 0 0 0 0 0.134083 0.139394 0 0.131745 0 0.113298 0 0
0.063996 0 0 0 0 0.135783 0 0 0 0.14281 0 0.121052 0.106572 0 0 0 0 0
0.062541 0.126629 0 0 0 0.132104 0 0 0 0 0 0.132816 0.093783 0 0 0 0 0
0.06294 0 0.002987 0.133144 0 0.127343 0 0 0 0 0 0.127208 0.122201 0 0 0 0 0
0.063623 0 0 0 0 0.118923 0 0 0 0 0 0.125462 0.132304 0 0 0.129257 0 0
0.062495 0 0 0 0 0.135295 0 0.134642 0 0.109084 0 0.128201 0 0 0 0 0 0
0.062962 0.127262 0 0 0 0.135217 0 0.108814 0 0 0 0.116551 0 0 0 0 0 0
0.055489 0 0 0.114075 0 0.124321 0 0.107802 0 0 0 0.116864 0 0 0 0 0 0
0.061504 0 0 0 0 0.131355 0 0.131137 0 0 0 0.135436 0 0 0 0.094708 0 0
0.062828 0 0 0 0 0.136427 0.133711 0 0 0.127704 0 0.127558 0 0 0 0 0 0
0.06209 0.1325 0 0 0 0.135704 0.119836 0 0 0 0 0.101523 0 0 0 0 0 0
0.060497 0 0 0.131407 0 0.134736 0.061143 0 0 0 0 0.132715 0 0 0 0 0 0
0.060056 0 0 0 0 0.147414 0.136494 0 0 0 0 0.109902 0 0 0 0.13378 0 0.011525
0.063852 0 0 0 0 0.134889 0 0 0 0.129021 0 0.125776 0 0.132566 0 0 0 0
0.062339 0.122984 0 0 0 0.119189 0 0 0 0 0 0.103149 0 0.133955 0 0 0 0
0.062598 0 0 0.116234 0 0.129054 0 0 0 0 0 0.132232 0 0.119778 0 0 0 0
0.06303 0 0 0 0 0.135101 0 0 0 0 0 0.1343 0 0.118806 0 0.108796 0 0
