0.062499 0 0.125016 0 0 0 0 0 0.124966 0.124928 0 0 0.125027 0 0 0 0
0.062498 0.125076 0.124905 0 0 0 0 0 0.124929 0 0 0 0.125027 0 0 0 0
0.062499 0 0.124958 0.125179 0 0 0 0 0.124849 0 0 0 0.124939 0 0 0 0
0.062497 0 0.124966 0 0 0 0 0 0.125031 0 0 0 0.125146 0 0 0.124916 0
0.0625 0 0.125015 0 0 0 0 0.12495 0.124965 0.124928 0 0 0 0 0 0 0
0.062499 0.125076 0.124904 0 0 0 0 0.124951 0.124929 0 0 0 0 0 0 0 0
0.0625 0 0.124957 0.125062 0 0 0 0.12495 0.124849 0 0 0 0 0 0 0 0
0.062498 0 0.124965 0 0 0 0 0.125067 0.12503 0 0 0 0 0 0 0.124917 0
0.062499 0 0.125015 0 0 0 0.125 0 0.124966 0.124928 0 0 0 0 0 0 0
0.062499 0.125134 0.124905 0 0 0 0.124957 0 0.124929 0 0 0 0 0 0 0 0
0.062499 0 0.124958 0.125063 0 0 0.125 0 0.124849 0 0 0 0 0 0 0 0
0.062497 0 0.124966 0 0 0 0.125003 0 0.125031 0 0 0 0 0 0 0.125002 0
0.062499 0 0.125081 0 0 0 0 0 0.125043 0.12502 0 0 0 0.124869 0 0 0
0.062498 0.125076 0.12497 0 0 0 0 0 0.125006 0 0 0 0 0.124938 0 0 0
0.062499 0 0.125023 0.125063 0 0 0 0 0.124926 0 0 0 0 0.124938 0 0 0
0.062497 0 0.125031 0 0 0 0 0 0.125107 0 0 0 0 0.124939 0 0.125004 0
0.062499 0 0.12511 0 0 0 0 0 0 0.124983 0 0 0.125026 0 0 0 0.124971
0.062499 0.125032 0.124999 0 0 0 0 0 0 0 0 0 0.125027 0 0 0 0.125008
0.062499 0 0.125052 0.125024 0 0 0 0 0 0 0 0 0.124939 0 0 0 0.125012
0.062497 0 0.125061 0 0 0 0 0 0 0 0 0 0.125146 0 0 0.125041 0.124955
0.0625 0 0.12511 0 0 0 0 0.125028 0 0.124982 0 0 0 0 0 0 0.124912
0.062499 0.125031 0.124999 0 0 0 0 0.125028 0 0 0 0 0 0 0 0 0.12495
0.0625 0 0.125052 0.124906 0 0 0 0.125028 0 0 0 0 0 0 0 0 0.124953
0.062498 0 0.12506 0 0 0 0 0.125144 0 0 0 0 0 0 0 0.125042 0.124896
0.0625 0 0.12511 0 0 0 0.125 0 0 0.124983 0 0 0 0 0 0 0.124971
0.062499 0.125089 0.124999 0 0 0 0.124957 0 0 0 0 0 0 0 0 0 0.125008
0.062499 0 0.125052 0.124907 0 0 0.125 0 0 0 0 0 0 0 0 0 0.125012
0.062497 0 0.125061 0 0 0 0.125003 0 0 0 0 0 0 0 0 0.125127 0.124955
0.062499 0 0.125175 0 0 0 0 0 0 0.125075 0 0 0 0.124926 0 0 0.124971
0.062499 0.125032 0.125064 0 0 0 0 0 0 0 0 0 0 0.124996 0 0 0.125008
0.062499 0 0.125118 0.124907 0 0 0 0 0 0 0 0 0 0.124995 0 0 0.125012
0.062497 0 0.125126 0 0 0 0 0 0 0 0 0 0 0.124997 0 0.125129 0.124955
0.062502 0 0.125014 0 0 0 0 0 0 0.124926 0.124956 0 0.125025 0 0 0 0
0.062501 0.125024 0.124903 0 0 0 0 0 0 0 0.124956 0 0.125025 0 0 0 0
0.062502 0 0.124956 0.125022 0 0 0 0 0 0 0.124956 0 0.124937 0 0 0 0
0.0625 0 0.124964 0 0 0 0 0 0 0 0.124957 0 0.125144 0 0 0.124961 0
0.062503 0 0.125013 0 0 0 0 0.124948 0 0.124926 0.124955 0 0 0 0 0 0
0.062502 0.125024 0.124902 0 0 0 0 0.124949 0 0 0.124956 0 0 0 0 0 0
0.062503 0 0.124955 0.124905 0 0 0 0.124948 0 0 0.124955 0 0 0 0 0 0
0.062501 0 0.124963 0 0 0 0 0.125065 0 0 0.124956 0 0 0 0 0.124963 0
0.062502 0 0.125014 0 0 0 0.124998 0 0 0.124926 0.124955 0 0 0 0 0 0
0.062501 0.125082 0.124903 0 0 0 0.124955 0 0 0 0.124956 0 0 0 0 0 0
0.062502 0 0.124956 0.124905 0 0 0.124998 0 0 0 0.124956 0 0 0 0 0 0
0.0625 0 0.124964 0 0 0 0.125001 0 0 0 0.124957 0 0 0 0 0.125048 0
0.062502 0 0.125079 0 0 0 0 0 0 0.125018 0.124956 0 0 0.124925 0 0 0
0.062501 0.125025 0.124968 0 0 0 0 0 0 0 0.124956 0 0 0.124994 0 0 0
0.062502 0 0.125021 0.124905 0 0 0 0 0 0 0.124956 0 0 0.124994 0 0 0
0.0625 0 0.125029 0 0 0 0 0 0 0 0.124957 0 0 0.124995 0 0.12505 0
0.062501 0 0.125014 0 0 0.124948 0 0 0 0.124927 0 0 0.125025 0 0 0 0
0.0625 0.125025 0.124904 0 0 0.124949 0 0 0 0 0 0 0.125026 0 0 0 0
0.062501 0 0.124957 0.125023 0 0.124948 0 0 0 0 0 0 0.124938 0 0 0 0
0.062499 0 0.124965 0 0 0.124951 0 0 0 0 0 0 0.125145 0 0 0.124962 0
0.062502 0 0.125014 0 0 0.124948 0 0.124949 0 0.124927 0 0 0 0 0 0 0
0.062501 0.125025 0.124903 0 0 0.124948 0 0.12495 0 0 0 0 0 0 0 0 0
0.062502 0 0.124956 0.124905 0 0.124948 0 0.124949 0 0 0 0 0 0 0 0 0
0.0625 0 0.124964 0 0 0.12495 0 0.125066 0 0 0 0 0 0 0 0.124963 0
0.062501 0 0.125014 0 0 0.124999 0.124961 0 0 0.124927 0 0 0 0 0 0 0
0.0625 0.125083 0.124903 0 0 0.124999 0.124918 0 0 0 0 0 0 0 0 0 0
0.062501 0 0.124957 0.124906 0 0.124999 0.124961 0 0 0 0 0 0 0 0 0 0
0.062499 0 0.124965 0 0 0.125001 0.124965 0 0 0 0 0 0 0 0 0.125048 0
0.062501 0 0.125079 0 0 0.124948 0 0 0 0.125019 0 0 0 0.124925 0 0 0
0.0625 0.125025 0.124969 0 0 0.124949 0 0 0 0 0 0 0 0.124995 0 0 0
0.062501 0 0.125022 0.124906 0 0.124948 0 0 0 0 0 0 0 0.124994 0 0 0
0.062499 0 0.12503 0 0 0.124951 0 0 0 0 0 0 0 0.124996 0 0.12505 0
0.062499 0 0 0 0.125056 0 0 0 0.124966 0.124972 0 0 0.124946 0 0 0 0
0.062498 0.125005 0 0 0.125056 0 0 0 0.124929 0 0 0 0.124947 0 0 0 0
0.062499 0 0 0.125283 0.124978 0 0 0 0.124849 0 0 0 0.124858 0 0 0 0
0.062497 0 0 0 0.125134 0 0 0 0.125031 0 0 0 0.125065 0 0 0.124863 0
0.0625 0 0 0 0.124948 0 0 0.12495 0.124965 0.124971 0 0 0 0 0 0 0
0.062499 0.125004 0 0 0.124948 0 0 0.124951 0.124929 0 0 0 0 0 0 0 0
0.0625 0 0 0.125166 0.12487 0 0 0.12495 0.124849 0 0 0 0 0 0 0 0
0.062498 0 0 0 0.125026 0 0 0.125067 0.12503 0 0 0 0 0 0 0.124865 0
0.062499 0 0 0 0.124948 0 0.125 0 0.124966 0.124972 0 0 0 0 0 0 0
0.062498 0.125062 0 0 0.124949 0 0.124957 0 0.124929 0 0 0 0 0 0 0 0
0.062499 0 0 0.125166 0.12487 0 0.125 0 0.124849 0 0 0 0 0 0 0 0
0.062497 0 0 0 0.125027 0 0.125004 0 0.125031 0 0 0 0 0 0 0.12495 0
0.062499 0 0 0 0.124948 0 0 0 0.125043 0.125064 0 0 0 0.124918 0 0 0
0.062498 0.125005 0 0 0.124949 0 0 0 0.125006 0 0 0 0 0.124987 0 0 0
0.062499 0 0 0.125166 0.12487 0 0 0 0.124926 0 0 0 0 0.124987 0 0 0
0.062497 0 0 0 0.125027 0 0 0 0.125108 0 0 0 0 0.124988 0 0.124952 0
0.062499 0 0 0 0.125158 0 0 0 0 0.125026 0 0 0.124946 0 0 0 0.124966
0.062498 0.124961 0 0 0.125158 0 0 0 0 0 0 0 0.124946 0 0 0 0.125003
0.062499 0 0 0.125127 0.12508 0 0 0 0 0 0 0 0.124858 0 0 0 0.125007
0.062497 0 0 0 0.125236 0 0 0 0 0 0 0 0.125065 0 0 0.124988 0.12495
0.0625 0 0 0 0.12505 0 0 0.125028 0 0.125026 0 0 0 0 0 0 0.124907
0.062499 0.12496 0 0 0.12505 0 0 0.125029 0 0 0 0 0 0 0 0 0.124944
0.0625 0 0 0.12501 0.124972 0 0 0.125028 0 0 0 0 0 0 0 0 0.124948
0.062498 0 0 0 0.125128 0 0 0.125144 0 0 0 0 0 0 0 0.12499 0.124891
0.062499 0 0 0 0.12505 0 0.125 0 0 0.125026 0 0 0 0 0 0 0.124966
0.062499 0.125018 0 0 0.125051 0 0.124957 0 0 0 0 0 0 0 0 0 0.125003
0.062499 0 0 0.12501 0.124973 0 0.125 0 0 0 0 0 0 0 0 0 0.125007
0.062497 0 0 0 0.125129 0 0.125003 0 0 0 0 0 0 0 0 0.125075 0.12495
0.062499 0 0 0 0.12505 0 0 0 0 0.125118 0 0 0 0.124975 0 0 0.124966
0.062498 0.124961 0 0 0.125051 0 0 0 0 0 0 0 0 0.125045 0 0 0.125003
0.062499 0 0 0.125011 0.124973 0 0 0 0 0 0 0 0 0.125044 0 0 0.125007
0.062497 0 0 0 0.125129 0 0 0 0 0 0 0 0 0.125046 0 0.125077 0.12495
0.062502 0 0 0 0.125054 0 0 0 0 0.12497 0.124956 0 0.124944 0 0 0 0
0.062501 0.124953 0 0 0.125054 0 0 0 0 0 0.124956 0 0.124945 0 0 0 0
0.062502 0 0 0.125125 0.124976 0 0 0 0 0 0.124956 0 0.124857 0 0 0 0
0.0625 0 0 0 0.125132 0 0 0 0 0 0.124957 0 0.125063 0 0 0.124909 0
0.062503 0 0 0 0.124946 0 0 0.124948 0 0.124969 0.124955 0 0 0 0 0 0
0.062502 0.124953 0 0 0.124946 0 0 0.124949 0 0 0.124956 0 0 0 0 0 0
0.062503 0 0 0.125008 0.124868 0 0 0.124948 0 0 0.124955 0 0 0 0 0 0
0.062501 0 0 0 0.125024 0 0 0.125065 0 0 0.124957 0 0 0 0 0.12491 0
0.062502 0 0 0 0.124946 0 0.124998 0 0 0.12497 0.124956 0 0 0 0 0 0
0.062501 0.125011 0 0 0.124947 0 0.124955 0 0 0 0.124956 0 0 0 0 0 0
0.062502 0 0 0.125009 0.124868 0 0.124998 0 0 0 0.124956 0 0 0 0 0 0
0.0625 0 0 0 0.125025 0 0.125002 0 0 0 0.124957 0 0 0 0 0.124995 0
0.062502 0 0 0 0.124946 0 0 0 0 0.125062 0.124956 0 0 0.124973 0 0 0
0.062501 0.124953 0 0 0.124947 0 0 0 0 0 0.124956 0 0 0.125043 0 0 0
0.062502 0 0 0.125009 0.124869 0 0 0 0 0 0.124956 0 0 0.125042 0 0 0
0.0625 0 0 0 0.125025 0 0 0 0 0 0.124957 0 0 0.125044 0 0.124997 0
0.062501 0 0 0 0.125054 0.124949 0 0 0 0.124971 0 0 0.124945 0 0 0 0
0.0625 0.124954 0 0 0.125055 0.124949 0 0 0 0 0 0 0.124945 0 0 0 0
0.062501 0 0 0.125126 0.124977 0.124949 0 0 0 0 0 0 0.124857 0 0 0 0
0.062499 0 0 0 0.125133 0.124951 0 0 0 0 0 0 0.125064 0 0 0.124909 0
0.062501 0 0 0 0.124946 0.124948 0 0.124949 0 0.12497 0 0 0 0 0 0 0
0.062501 0.124953 0 0 0.124947 0.124949 0 0.12495 0 0 0 0 0 0 0 0 0
0.062501 0 0 0.125009 0.124869 0.124948 0 0.124949 0 0 0 0 0 0 0 0 0
0.062499 0 0 0 0.125025 0.12495 0 0.125066 0 0 0 0 0 0 0 0.12491 0
0.062501 0 0 0 0.124947 0.124999 0.124961 0 0 0.124971 0 0 0 0 0 0 0
0.0625 0.125011 0 0 0.124947 0.124999 0.124918 0 0 0 0 0 0 0 0 0 0
0.062501 0 0 0.12501 0.124869 0.124999 0.124961 0 0 0 0 0 0 0 0 0 0
0.062499 0 0 0 0.125025 0.125001 0.124965 0 0 0 0 0 0 0 0 0.124996 0
0.062501 0 0 0 0.124947 0.124949 0 0 0 0.125063 0 0 0 0.124974 0 0 0
0.0625 0.124954 0 0 0.124948 0.124949 0 0 0 0 0 0 0 0.125044 0 0 0
0.062501 0 0 0.12501 0.124869 0.124949 0 0 0 0 0 0 0 0.125043 0 0 0
0.062499 0 0 0 0.125026 0.124951 0 0 0 0 0 0 0 0.125045 0 0.124997 0
0.0625 0 0 0 0 0 0 0 0.124965 0.124971 0 0 0.125026 0 0.125015 0 0
0.062499 0.125004 0 0 0 0 0 0 0.124928 0 0 0 0.125027 0 0.125016 0 0
0.0625 0 0 0.125178 0 0 0 0 0.124848 0 0 0 0.124939 0 0.125015 0 0
0.062498 0 0 0 0 0 0 0 0.12503 0 0 0 0.125145 0 0.125017 0.12492 0
0.062501 0 0 0 0 0 0 0.12495 0.124965 0.12497 0 0 0 0 0.125015 0 0
0.0625 0.125003 0 0 0 0 0 0.12495 0.124928 0 0 0 0 0 0.125016 0 0
0.062501 0 0 0.125061 0 0 0 0.12495 0.124848 0 0 0 0 0 0.125015 0 0
0.062499 0 0 0 0 0 0 0.125066 0.125029 0 0 0 0 0 0.125017 0.124922 0
0.0625 0 0 0 0 0 0.12508 0 0.124965 0.124971 0 0 0 0 0.124955 0 0
0.0625 0.125061 0 0 0 0 0.125037 0 0.124928 0 0 0 0 0 0.124955 0 0
0.0625 0 0 0.125062 0 0 0.12508 0 0.124849 0 0 0 0 0 0.124955 0 0
0.062498 0 0 0 0 0 0.125084 0 0.12503 0 0 0 0 0 0.124956 0.125007 0
0.0625 0 0 0 0 0 0 0 0.125042 0.125063 0 0 0 0.124917 0.125016 0 0
0.062499 0.125004 0 0 0 0 0 0 0.125005 0 0 0 0 0.124987 0.125016 0 0
0.0625 0 0 0.125062 0 0 0 0 0.124925 0 0 0 0 0.124986 0.125016 0 0
0.062498 0 0 0 0 0 0 0 0.125107 0 0 0 0 0.124987 0.125017 0.125009 0
0.0625 0 0 0 0 0 0 0 0 0.125025 0 0 0.125026 0 0.125015 0 0.125042
0.0625 0.12496 0 0 0 0 0 0 0 0 0 0 0.125027 0 0.125016 0 0.125079
0.0625 0 0 0.125023 0 0 0 0 0 0 0 0 0.124939 0 0.125015 0 0.125083
0.062498 0 0 0 0 0 0 0 0 0 0 0 0.125145 0 0.125017 0.125045 0.125026
0.062501 0 0 0 0 0 0 0.125027 0 0.125025 0 0 0 0 0.125015 0 0.124983
0.0625 0.124959 0 0 0 0 0 0.125028 0 0 0 0 0 0 0.125016 0 0.12502
0.062501 0 0 0.124906 0 0 0 0.125027 0 0 0 0 0 0 0.125015 0 0.125024
0.062499 0 0 0 0 0 0 0.125144 0 0 0 0 0 0 0.125016 0.125047 0.124967
0.062501 0 0 0 0 0 0.12508 0 0 0.125025 0 0 0 0 0.124955 0 0.125042
0.0625 0.125017 0 0 0 0 0.125037 0 0 0 0 0 0 0 0.124955 0 0.125079
0.062501 0 0 0.124906 0 0 0.12508 0 0 0 0 0 0 0 0.124955 0 0.125083
0.062498 0 0 0 0 0 0.125084 0 0 0 0 0 0 0 0.124956 0.125132 0.125026
0.0625 0 0 0 0 0 0 0 0 0.125117 0 0 0 0.124974 0.125016 0 0.125042
0.0625 0.12496 0 0 0 0 0 0 0 0 0 0 0 0.125044 0.125016 0 0.125079
0.0625 0 0 0.124906 0 0 0 0 0 0 0 0 0 0.125043 0.125016 0 0.125083
0.062498 0 0 0 0 0 0 0 0 0 0 0 0 0.125045 0.125017 0.125134 0.125026
0.062503 0 0 0 0 0 0 0 0 0.124969 0.124955 0 0.125024 0 0.125013 0 0
0.062502 0.124952 0 0 0 0 0 0 0 0 0.124955 0 0.125025 0 0.125014 0 0
0.062503 0 0 0.125021 0 0 0 0 0 0 0.124955 0 0.124937 0 0.125013 0 0
0.062501 0 0 0 0 0 0 0 0 0 0.124956 0 0.125143 0 0.125015 0.124966 0
0.062504 0 0 0 0 0 0 0.124948 0 0.124969 0.124954 0 0 0 0.125013 0 0
0.062503 0.124952 0 0 0 0 0 0.124948 0 0 0.124955 0 0 0 0.125014 0 0
0.062504 0 0 0.124904 0 0 0 0.124948 0 0 0.124954 0 0 0 0.125013 0 0
0.062502 0 0 0 0 0 0 0.125064 0 0 0.124956 0 0 0 0.125015 0.124967 0
0.062503 0 0 0 0 0 0.125078 0 0 0.124969 0.124955 0 0 0 0.124953 0 0
0.062503 0.12501 0 0 0 0 0.125035 0 0 0 0.124955 0 0 0 0.124953 0 0
0.062503 0 0 0.124904 0 0 0.125078 0 0 0 0.124955 0 0 0 0.124953 0 0
0.062501 0 0 0 0 0 0.125082 0 0 0 0.124956 0 0 0 0.124954 0.125052 0
0.062503 0 0 0 0 0 0 0 0 0.125061 0.124955 0 0 0.124973 0.125014 0 0
0.062502 0.124952 0 0 0 0 0 0 0 0 0.124955 0 0 0.125042 0.125014 0 0
0.062503 0 0 0.124904 0 0 0 0 0 0 0.124955 0 0 0.125042 0.125014 0 0
0.062501 0 0 0 0 0 0 0 0 0 0.124956 0 0 0.125043 0.125015 0.125054 0
0.062502 0 0 0 0 0.124948 0 0 0 0.12497 0 0 0.125025 0 0.125014 0 0
0.062501 0.124953 0 0 0 0.124948 0 0 0 0 0 0 0.125026 0 0.125015 0 0
0.062502 0 0 0.125022 0 0.124948 0 0 0 0 0 0 0.124938 0 0.125014 0 0
0.0625 0 0 0 0 0.12495 0 0 0 0 0 0 0.125144 0 0.125016 0.124966 0
0.062503 0 0 0 0 0.124947 0 0.124948 0 0.124969 0 0 0 0 0.125014 0 0
0.062502 0.124953 0 0 0 0.124948 0 0.124949 0 0 0 0 0 0 0.125015 0 0
0.062503 0 0 0.124905 0 0.124947 0 0.124949 0 0 0 0 0 0 0.125014 0 0
0.062501 0 0 0 0 0.124949 0 0.125065 0 0 0 0 0 0 0.125015 0.124968 0
0.062502 0 0 0 0 0.124998 0.125041 0 0 0.12497 0 0 0 0 0.124954 0 0
0.062501 0.125011 0 0 0 0.124998 0.124999 0 0 0 0 0 0 0 0.124954 0 0
0.062502 0 0 0.124905 0 0.124998 0.125041 0 0 0 0 0 0 0 0.124954 0 0
0.0625 0 0 0 0 0.125 0.125045 0 0 0 0 0 0 0 0.124955 0.125053 0
0.062502 0 0 0 0 0.124948 0 0 0 0.125062 0 0 0 0.124973 0.125015 0 0
0.062501 0.124953 0 0 0 0.124948 0 0 0 0 0 0 0 0.125043 0.125015 0 0
0.062502 0 0 0.124905 0 0.124948 0 0 0 0 0 0 0 0.125042 0.125015 0 0
0.0625 0 0 0 0 0.12495 0 0 0 0 0 0 0 0.125044 0.125016 0.125054 0
0.062499 0 0 0 0 0 0 0 0.125115 0.124986 0 0.125014 0.124972 0 0 0 0
0.062498 0.125005 0 0 0 0 0 0 0.125078 0 0 0.125025 0.124973 0 0 0 0
0.062499 0 0 0.125179 0 0 0 0 0.124998 0 0 0.125025 0.124884 0 0 0 0
0.062497 0 0 0 0 0 0 0 0.12518 0 0 0.125044 0.125091 0 0 0.124908 0
0.0625 0 0 0 0 0 0 0.124958 0.125115 0.124985 0 0.124935 0 0 0 0 0
0.062499 0.125004 0 0 0 0 0 0.124959 0.125078 0 0 0.124946 0 0 0 0 0
0.0625 0 0 0.125062 0 0 0 0.124958 0.124998 0 0 0.124946 0 0 0 0 0
0.062497 0 0 0 0 0 0 0.125075 0.125179 0 0 0.124965 0 0 0 0.124909 0
0.062499 0 0 0 0 0 0.125 0 0.125115 0.124986 0 0.124941 0 0 0 0 0
0.062498 0.125062 0 0 0 0 0.124957 0 0.125078 0 0 0.124952 0 0 0 0 0
0.062499 0 0 0.125063 0 0 0.125 0 0.124998 0 0 0.124952 0 0 0 0 0
0.062497 0 0 0 0 0 0.125004 0 0.12518 0 0 0.124971 0 0 0 0.124994 0
0.062499 0 0 0 0 0 0 0 0.125192 0.125078 0 0.124941 0 0.124918 0 0 0
0.062498 0.125005 0 0 0 0 0 0 0.125155 0 0 0.124952 0 0.124987 0 0 0
0.062499 0 0 0.125063 0 0 0 0 0.125075 0 0 0.124952 0 0.124987 0 0 0
0.062497 0 0 0 0 0 0 0 0.125257 0 0 0.124971 0 0.124988 0 0.124996 0
0.062499 0 0 0 0 0 0 0 0 0.12504 0 0.125159 0.124972 0 0 0 0.125018
0.062498 0.124961 0 0 0 0 0 0 0 0 0 0.12517 0.124972 0 0 0 0.125055
0.062499 0 0 0.125024 0 0 0 0 0 0 0 0.125169 0.124884 0 0 0 0.125059
0.062497 0 0 0 0 0 0 0 0 0 0 0.125189 0.125091 0 0 0.125033 0.125002
0.0625 0 0 0 0 0 0 0.125036 0 0.12504 0 0.12508 0 0 0 0 0.124959
0.062499 0.12496 0 0 0 0 0 0.125036 0 0 0 0.125091 0 0 0 0 0.124996
0.0625 0 0 0.124907 0 0 0 0.125036 0 0 0 0.12509 0 0 0 0 0.125
0.062498 0 0 0 0 0 0 0.125152 0 0 0 0.125109 0 0 0 0.125034 0.124943
0.062499 0 0 0 0 0 0.125 0 0 0.12504 0 0.125086 0 0 0 0 0.125018
0.062498 0.125018 0 0 0 0 0.124957 0 0 0 0 0.125097 0 0 0 0 0.125055
0.062499 0 0 0.124907 0 0 0.125 0 0 0 0 0.125096 0 0 0 0 0.125059
0.062497 0 0 0 0 0 0.125004 0 0 0 0 0.125116 0 0 0 0.125119 0.125002
0.062499 0 0 0 0 0 0 0 0 0.125132 0 0.125086 0 0.124975 0 0 0.125018
0.062498 0.124961 0 0 0 0 0 0 0 0 0 0.125097 0 0.125045 0 0 0.125055
0.062499 0 0 0.124907 0 0 0 0 0 0 0 0.125096 0 0.125044 0 0 0.125059
0.062497 0 0 0 0 0 0 0 0 0 0 0.125116 0 0.125046 0 0.125121 0.125002
0.062502 0 0 0 0 0 0 0 0 0.124984 0.125132 0.124992 0.12497 0 0 0 0
0.062501 0.124953 0 0 0 0 0 0 0 0 0.125133 0.125003 0.124971 0 0 0 0
0.062502 0 0 0.125022 0 0 0 0 0 0 0.125132 0.125002 0.124883 0 0 0 0
0.0625 0 0 0 0 0 0 0 0 0 0.125134 0.125021 0.125089 0 0 0.124953 0
0.062503 0 0 0 0 0 0 0.124956 0 0.124984 0.125132 0.124912 0 0 0 0 0
0.062502 0.124953 0 0 0 0 0 0.124957 0 0 0.125132 0.124923 0 0 0 0 0
0.062502 0 0 0.124905 0 0 0 0.124956 0 0 0.125132 0.124923 0 0 0 0 0
0.0625 0 0 0 0 0 0 0.125073 0 0 0.125133 0.124942 0 0 0 0.124955 0
0.062502 0 0 0 0 0 0.124998 0 0 0.124984 0.125132 0.124918 0 0 0 0 0
0.062501 0.125011 0 0 0 0 0.124955 0 0 0 0.125133 0.124929 0 0 0 0 0
0.062502 0 0 0.124905 0 0 0.124998 0 0 0 0.125132 0.124929 0 0 0 0 0
0.0625 0 0 0 0 0 0.125002 0 0 0 0.125134 0.124948 0 0 0 0.12504 0
0.062502 0 0 0 0 0 0 0 0 0.125076 0.125132 0.124919 0 0.124974 0 0 0
0.062501 0.124953 0 0 0 0 0 0 0 0 0.125133 0.12493 0 0.125043 0 0 0
0.062502 0 0 0.124905 0 0 0 0 0 0 0.125133 0.124929 0 0.125043 0 0 0
0.0625 0 0 0 0 0 0 0 0 0 0.125134 0.124948 0 0.125044 0 0.125042 0
0.062501 0 0 0 0 0.125103 0 0 0 0.124985 0 0.125009 0.124971 0 0 0 0
0.0625 0.124954 0 0 0 0.125103 0 0 0 0 0 0.12502 0.124971 0 0 0 0
0.0625 0 0 0.125023 0 0.125103 0 0 0 0 0 0.12502 0.124883 0 0 0 0
0.062498 0 0 0 0 0.125105 0 0 0 0 0 0.125039 0.12509 0 0 0.124954 0
0.062501 0 0 0 0 0.125102 0 0.124957 0 0.124984 0 0.12493 0 0 0 0 0
0.062501 0.124954 0 0 0 0.125103 0 0.124958 0 0 0 0.124941 0 0 0 0 0
0.062501 0 0 0.124906 0 0.125102 0 0.124957 0 0 0 0.12494 0 0 0 0 0
0.062499 0 0 0 0 0.125105 0 0.125073 0 0 0 0.12496 0 0 0 0.124955 0
0.062501 0 0 0 0 0.125153 0.124961 0 0 0.124985 0 0.124936 0 0 0 0 0
0.0625 0.125011 0 0 0 0.125154 0.124919 0 0 0 0 0.124947 0 0 0 0 0
0.062501 0 0 0.124906 0 0.125153 0.124961 0 0 0 0 0.124946 0 0 0 0 0
0.062499 0 0 0 0 0.125155 0.124965 0 0 0 0 0.124966 0 0 0 0.12504 0
0.0625 0 0 0 0 0.125103 0 0 0 0.125077 0 0.124936 0 0.124974 0 0 0
0.0625 0.124954 0 0 0 0.125103 0 0 0 0 0 0.124947 0 0.125044 0 0 0
0.0625 0 0 0.124906 0 0.125103 0 0 0 0 0 0.124947 0 0.125043 0 0 0
0.062498 0 0 0 0 0.125105 0 0 0 0 0 0.124966 0 0.125045 0 0.125042 0
