0.012534 0 0 0 0 0 0 0.01424 0.001236 0 0 0.003711 0.011554 0 0 0.007441 0 0
0.00843 0 0.008566 0.007491 0.010793 0 0.000357 0 0 0 0 0 0.003707 0 0 0 0.003185 0
0.010246 0 0.00763 0 0 0 0 0 0.000852 0.007606 0.004916 0 0 0 0.014373 0 0 0
0.008218 0.001658 0 0.010881 0 0 0 0 0 0 0.002266 0.009366 0 0.006286 0.00512 0 0.001948 0
0.009347 0.004058 0.007168 0 0.004436 0 0 0.007638 0.014035 0.001393 0 0 0 0 0 0 0 0
0.00882 0 0 0.006724 0.009331 0.000101 0 0 0 0.012961 0.000512 0 0.002526 0 0 0 0 0
0.012504 0 0 0.008019 0.000401 0 0.002706 0 0.014862 3.7e-05 0 0 0 0.013321 0 0 0 0
0.006784 0.000296 0.005529 0 0.001094 0.003381 0 0.017591 0 0.009557 0 0 0 0 0 0 0 0
0.009372 0.004965 0.000649 0 0 0 0.011414 0 0 0 0 0.009863 0.008204 0 0 0.012364 0.000336 0.040621
0.009757 0 0 0.004399 0 0.004201 0.002161 0.000856 0.008389 0 0 0.004578 0 0 0 0.001369 0 0
0.009561 0.001938 0.004141 0 0.007611 0 0.017283 0 0 0 0 0 0 0 0 0 0.005529 0.020411
0.0096 0 0 0 0 0 0 0 0.007531 0 0 0.040375 0 0 0 0.001982 0 0.019055
0.009129 0.00104 0 0.005012 0.006967 0.003394 0 0.013863 0 0 0 0 0 0 0 0 0 0
0.01189 0 0.002492 0.008688 0 0 0 0 0 0 0 0.007542 0.003037 0 0 0.003976 0.007063 0
0.009732 0 0 0.010768 0.008946 0.007549 0 0 0 0 0.00446 0 0 0.000643 0.002682 0 0 0
0.009512 0.001443 0.010437 0.006186 0 0 0 0 0.008029 0.002527 0.004255 0.000103 0.002097 0 0 0 0 0
0.00921 0.014644 0.016433 0 0.00597 0 0 0 0 0 0 0 0.007323 0 0 0 0 0.022967
0.008166 0 0.002407 0 0.001981 0.008948 0.005507 0.002438 0 0 0 0 0 0 0 0.013993 0 0
0.008243 0 0 0.012984 0.007088 0 0 0.006523 0 8.4e-05 0 0 0 0 0 0 0 0
0.007304 0.005503 0.00237 0 0.004679 0 0 0 0 0 0.010106 0 0.001624 0 0 0.001194 0 0
0.009557 0.017843 0 0 0 0 0 0 0.008911 0 0 0 0 0.013605 0 0 0 0
0.01457 0.008768 0.001374 0 0 0.011808 0 1e-04 0 0 0 0.009278 0 0.020476 0 0 0 0.077851
0.01069 0 0.002257 0.001141 0.012473 0 0 0 0 0.010003 0.007094 0 0.000366 0.002948 0 0 0 0
0.011884 0 0 0.006438 0 0.007702 0 0.004683 0.005854 0.001223 0 0.00184 0.010211 0 0 0.003728 0 0
0.008927 0.000809 0 0 0 0.005703 0.01554 0 0 0 0 0.005357 0 0 0 0 0 0
0.007856 0 0 0 0.00466 0 0.006776 0 0 0 0.002069 0 0.00405 0 0.010697 0.014869 0.006426 0
0.009657 0.00127 0.021586 0 0.002293 0.003264 0 0.001103 0.00156 0 0 0 0 0 0 0.008633 0 0
0.011296 0 0 0.010829 0.014306 0 0.008328 0 0 0 0.005591 0 0 0 0 0 0.005965 0
0.010122 0 0.013101 0 0 0 0 0 0 0.014241 0 0 0.005428 0 0 0 0.010182 0
0.009481 0 0 0.017331 0 0.004094 0 0 0 0.015124 0.006497 0.006927 0 0.000117 0 0 0 0
0.009237 0 0.017004 0.01575 0.005797 0 0 0 0 0 0 0 0 0 0 0 0.001428 0
0.011052 0 0 0.003032 0.036621 0 0 0.000962 0 0 0 0 0 0 0.007027 0 0.003376 0
0.008506 0.002504 0 0 0.005351 0 0.005087 0 0 0.003661 0.005746 0 0.005683 0 0 0 0 0.001945
0.010651 0.001042 0 0.00706 0 0 0.003816 0 0.006234 0 0 0.000306 0 0 0.006828 0 0.003248 0
0.008464 0.008992 0 0 0.011797 0.010845 0 0 0 0 0 0.004579 0 0 0 0 0 0
0.011722 0 0.014083 0.009642 0 0 0 0 0 0 0 0 0.003142 0 0 0 0 0
0.009075 0 0 0.020828 0 0 0.006092 0 0 0.004135 0 0 0.003727 0 0.027552 0 0.003236 0
0.009688 0.018686 0.002084 0 0 0 0.008625 0.010097 0 0 0 0 0 0 0 0 0 0
0.009656 0 0.008289 0 0.006059 0 0.002226 0 0.001859 0 0.012862 0 0 0 0 0.008241 0 0
0.019343 0 0 0 0 0.00687 0.021487 0 0.008576 0.034144 0 0.013475 0 0 0 0 0 0
0.010641 0.004272 0 0.018095 0 0 0 0 0 0 0 0 0.005015 0 0.011798 0 0.001305 0
0.010726 0 0.020112 0 0 0 0 0.006531 0.011042 0.003451 0 0 0 0.00589 0 0 0 0
0.009716 0 0.00416 0 0 0 0.004574 0 0.007864 0.002329 0 0 0 0 0.005031 0.001987 0.007674 0
0.009721 0 0 0.008521 0.011939 0 0.00247 0 0.001909 0.006299 0.000142 0 0 0 0 0 0 0
0.00925 0.007416 0.005151 0 0 0 0 0 4.9e-05 0.005287 0.004518 0 0 0.005199 0 0 0 0
0.00993 0.009287 0.000492 0 0 0 0.002517 0.01599 0 0 0 0 0 0 0.006792 0 0.016729 0
0.008089 0.010071 0.001307 0 0.013653 0 0 0.009017 0.005013 0 0 0 0 0 0 0 0 0
0.013224 0 0 0 0 0.011282 0 0 0.010223 0.013268 0 0.005806 0 0.002449 0 0.000546 0 0
0.005883 0.005092 0 0 0.006605 0.000586 0 0 0.001861 0 0 0.000539 0.009828 0 0.000498 0.002429 0 0
0.007972 0 0.016879 0 0 0 0 0.001233 0 0.008461 0 0 0 0.006006 0 0 0 0
0.010328 0 0.011628 0 0.003909 0 0 0 0.002221 0.007045 0.001206 0 0.00371 0 0 0.000169 0 0
0.011025 0.00358 0.007722 0.002233 0 0.007984 0.00105 0 0.010287 0 0 0 0.01163 0 0 0 0 0
0.007547 0 0 0 0 0 0.015563 0 0.006173 0 0 0.000764 0 0.001784 0 0.011667 0 0.000331
0.011671 0 0.011816 0 0.002154 0 0.023406 0 0 0 0 0 0 0 0 0 0.000508 0
0.010269 0 0.002202 0 0.00853 0.009095 0.01515 0 0 0 0 0 0 0 0.001397 0.017286 0 0
0.01091 0.01083 0 0.011567 0 0 0 0 0.003324 0 0 0.017602 0.002255 0 0 0 0.00223 0
0.010637 0.02429 0 0 0 0 0 0 0.008753 0 0.001022 0.00561 0 0 0.012036 0 0 0
0.012465 0 0 0 0.004245 0 0 0.007697 0.012182 0.017897 0.002948 0.023567 0 0.007716 0 0 0 0
0.011039 0.005881 0 0.001372 0 0.002442 0 0.01983 0 0 0 0 0.015792 0 0 0 0 0
0.006944 0.003618 0 0 0.00823 0 0.013534 0.009664 0 0 0 0 0 0 0.001925 0 0.004126 0
0.009864 0.000988 0 0 0.018119 0 0.003165 0 0.01442 0 0 0.009418 0 0.003759 0 0 0 0
0.012386 0.000146 0.006944 0 0 0 0 0 0.020136 0.008265 0 0.009443 0 0 0 0 0 0
0.008761 0 0 0.007201 0.00868 0 0 0 0.000376 0.005556 0 0.012529 0 0 0 0 0 0
0.007907 0 0.012065 0 0.009818 0 0 0.00555 0.009728 0 0 0 0 0 0 0.005107 0 0
0.007099 0.010871 0 0 0 0 0 0.007887 0 0 0 0 0.003028 0 0 0 0.004649 0
0.011503 0.00184 0 0 0.003376 0.024894 0 0 0 0.031062 0 0 0 0 0 0 0 0
0.008156 0 0.010226 0.006454 0 0 0 0.005059 0.007262 0 0 0 0 0 0 0 0 0
0.008907 0 0 0.015367 0 0.005936 0 0.001345 0.005174 0 0 0 0 0 0.015758 0 0 0
0.00945 0 0 0.001106 0 0 0 0.003639 0 0 0.002414 0.000863 0 0.00947 0.003247 0.006504 0.009092 0
0.010458 0.023336 0 0 0 0 0 0 0.009933 0 0 0 0.010632 0 0.012747 0 0 0
0.007854 0 0.002106 0 0 0 0.008649 0 0.015158 0.011638 0 0 0 0 0 0 0 0
0.010386 0.000686 0.010073 0 0 0 0.005384 0 0 0.008047 0 0 0 0 0 0 0 0
0.009342 0.020389 0 0 0 0 0 0 0 0 0 0 0 0.033309 0.013141 0 0 0.010684
0.010275 0.03746 0 0 0 0.00737 0 0 0 0 0 0 0 0 6.4e-05 0 0 0
0.00755 0 0 0.007286 0.01395 0 0 0 0 0 0 0 0.004767 0 0 0 0 0
0.010894 0 0 0.008669 0.005195 0 0 0 0 0 0 0 0 0.022803 0.008773 0 0 0
0.009148 0.018126 0 0 0.002548 0 0 0 0 0 0.01142 0 0.018187 0 0 0 0 0
0.00777 0 0.017978 0.017924 0 0 0 0 0 0 0 0 0 0 0 0 0.009718 0
0.009172 0.005519 0.01266 0 0 0.009575 0 0 0 0.009698 0 0 0 0 0.007196 0 0 0.209971
0.007813 0.017152 0 0 0 0.013515 0 0 0 0 0 0.003595 0 0.000926 0 0 0.000745 0
0.009775 0.004706 0 0 0 0 0.003807 0 0.001374 0 0 0 0.00073 0.008676 0.017442 0 0 0
0.009204 0 0 0 0.007252 0.006579 0 0 0 0 0 0.013528 0 0 0 0.001619 0.000775 0
0.008255 0.005594 0 0.004106 0 0 0 0.007505 0.000928 0 0.004748 0 0 0 0.004434 0 0 0
0.011718 0.018628 0 0.002429 0 0.006233 0 0.007528 0 0 0 0 0 0 0 0 0 0
0.009784 0.007788 0 0.005035 0 0.005448 0 0 0 0 0.000869 0.003085 0.005192 0 0 0 0 0
0.009041 0.010848 0.008123 0 0 0.001895 0.000377 0 0 0 0 0 0 0 0 0 0 0
0.012344 0.009143 0 0 0 0 0.014998 0 0.017269 0.006499 0 0 0 0 0 0 0 0
0.004736 0.006388 0.007668 0 0 0 0 0.005036 0 0 0 0 0.005837 0 0 0 0 0
0.009757 0.000174 0.011043 0 0 0 0.009787 0.002494 0.001178 0.008874 0 0 0 0 0 0 0 0
0.013219 0.024136 0 0 0 0 0 0.003564 0 0 0.002426 0.003683 0 0 0 0 0 0
0.009928 0.010733 0 0 0.006092 0 0 0 0 0.026014 0 0 0.008077 0 0.001592 0 0.002091 0
0.007985 0 0.001021 0 0.008215 0.003033 0 0 0 0 0.007939 0 0.001286 0.000208 0 0.001704 0 0
0.012432 0.002753 0.006246 0.005324 0.003008 0 0 0.011863 0 0 0 0 0 0 0 0.001278 0 0.090554
0.00776 0 0 0 0.011082 0.009577 0 0 0 0.002513 0 0 0 0 0 0 0 0
0.009547 0 0.010177 0 0 0 0.008271 0.009732 0 0 0 0 0 0 0.000592 0.001812 0 0
0.010068 0 0.00412 0.008206 0 0 0 0 0 0 0.009287 0.000326 0.02278 0 0 0.001312 0 0.125603
0.008579 0.001719 0.003675 0.005368 0.010673 0.009295 0 0.002033 0 0 0 0 0 0 0 0 0 0
0.010086 0 0 0 0.004575 0 0.008229 0.007205 0 0.014938 0.009562 0 0 0 0.001292 0 0 0
0.009129 0.000388 0 0 0.003251 0.015854 0 0.013532 0 0.011096 0 0 0 0 0 0 0 0
0.008801 0.007953 0 0.010836 0 0 0.002962 0.010811 0 0 0.007422 0.00535 0 0 0 0 0 0.003122
0.007541 0.007277 0 0.002409 0.003566 0 0.013702 0 0 0 0 0.007302 0 0 0 0 0.010067 0
0.012598 0.022609 0 0.004566 0 0 0.002984 0 0 0 0 0 0 0 0.01411 0 0 0
0.007985 0 0 0 0 0 0.017098 0.001372 0 0.016948 0.007162 0 0 0 0 0 0 0
0.008682 0.005404 0 0.009297 0.0031 0 0 0 0.009862 0 0 0.002063 0.00176 0 0 0 0.002939 0
0.008968 0 0.001974 0 0 0 0 0 0.000342 0 0 0.015662 0 0.016553 0 0.008742 0 0
0.007459 0.013593 0.01945 0 0 0 0 0 0 0 0.0079 0 0 0 0 0 0 0.145208
0.013325 0 0.024247 0.021283 0.00357 0 0 0 0 0 0 0 0 0 0 0 0 0
0.007858 0.015321 0 0 0.005095 0 0 0 0 0 5.8e-05 0.001065 0.01879 0 0 0 0 0.052013
0.013129 0 0.025124 0 0 0.013439 0.006232 0 0 0 0 0 0 0.00223 0.005979 0 0 0
0.009132 0 0 0 0.001965 0 0 0.001329 0.004287 0.007254 0 0 0.018408 0 0 0.01716 0 0
0.007604 0 0 0.002035 0 0.000749 0 0 0.009584 0.016008 0 0 0 0.006475 0 0 0 0.022907
0.011362 0.005718 0 0 8.3e-05 0 0.002896 0 0.003318 0.003608 0 0.006453 0 0 0 0 0.004993 0.030114
0.008447 0.006896 0 0 0.006305 0.007962 0 0 0 0 0 0 0 0.009221 0 0 0 0
0.010682 0 0 0.006527 0.005424 0 0 0 0 0.013016 0 0 0.010966 0 0 0 0 0
0.009079 0 0 0.000141 0 0 0.012277 0.019066 0 0 0 0 0 0 0 0 0 0
0.011466 0 0 0.028259 0.005459 0 0 0 0.004805 0 0 0 0.016186 0 0.005461 0 0 0.031336
0.006875 0 0.010209 0.001684 0 0 0 0.002692 0 0.000493 0.001636 0.005923 0 0 0 0 0 0.003932
0.012625 0.018699 0 0.001144 0 0 0.004859 0 0 0 0 0 0.004076 0 0.016265 0 0 0
0.00966 0 0.000599 0.010881 0 0 0 0.012074 0 0 0.016737 0.000113 0 0 0 0 0 0.137219
0.006727 0.007165 0 0 0.010168 0 0.019614 0 0 0 0 0 0 0 0 0 0 0
0.009134 0.002152 0 0 0.009275 0 0 0 0.010831 0 0.004675 0 0.023548 0 0 0 0 0
0.008347 0.004039 0 0 0.018089 0 0 0.005888 0 0 0 0 0 0 0 0 0 0.00274
0.007962 0.003135 0 0.001101 0.014841 0 0.002367 0 0.006761 0 0 0.004007 0 0 0 0 0 0
0.008462 0 0.014336 0.003861 0 0 0 0.005637 0 0.001804 0 0 0 0.000137 0 0 0.002654 0
0.011156 0 0 0.000606 0 0 0.005779 0 0.000356 0.002799 0 0 0 0.010972 0.016576 0 0.009217 0
0.010805 8.3e-05 0 0.001356 0 0 0.005638 0 0.013126 0 0 0.007995 0 0 0.000345 0 0.003151 0.002415
0.009317 0 0 0.005764 0.011828 0.0081 0.000359 0 0 0 0 0.004157 0 0 0 0 0.002419 0
0.005953 0.003498 0 0 0.008326 0 0 0 0 0.007809 0 0 0.001849 1.7e-05 0 0 0.006028 0.023041
0.005848 0 0.005829 0.001062 0.00776 0 0 0.009269 0 0 0 0 0 0 0 0 0.004514 0.039906
0.009356 0 0 0.022066 0.008865 0.021711 0 0.000516 0 0 0 0 0 0 0 0 0 0
0.010196 0.011103 0.002258 0 0 0.007602 0.013071 0 0 0.000835 0 0.003261 0 0 0 0 0 0
0.01272 0 0 0.010285 0.017943 0 0 0.003966 0 0 0.005634 0 0 0 0 0 0.004781 0
0.008507 0 0.000947 0 0 0 0 0.002537 0 0.017429 0.003696 0 0 0 0.003408 0 0.007777 0
0.008726 0 0 0.020941 0 0 0 0.001439 0.007361 0 0 0 0 0.002399 0 0 0.003433 0
0.008918 0.001558 0.009729 0 0.009468 0 0.006011 0 0 0.000309 0 0 0 0 0 0 0.002924 0
0.009279 0 0 0 0 0.001198 0 0 0 0.006288 0.013004 0.003856 0.017358 0 0.000447 0 0 0
0.009283 0 0 0.003458 0.016221 0 0 0.007585 0 0.001145 0 0 0 0 0 0 0.008454 0
0.011074 0.005617 0 0.006052 0.014359 0 0 0 0 0 0.012021 0 0 0 0.001035 0 0 0
0.007644 0.00946 0 0 0 0 0 0.022245 0 0.006156 0 0.007069 0 0 0 0 0.005265 0
0.007794 0.008222 0 0 0.004634 0.011488 0.006076 0 0.002047 0 0 0 0 0 0 0 0 0
0.010298 0.002356 0 0 0 0.01576 0 0.005126 0 0 0 0 0 0.00049 0.01339 0.006452 0 0
0.010367 0 0 0 0 0 3e-04 0 0 0.020804 0.010272 0.006351 0.005874 0 0 0 0 0
0.009098 0.007923 0.019997 0 0 0 0 0 0 0 0.012725 0 0 0 0 0 0 0
0.010684 0.006525 0 0 0 0 0.007152 0.006671 0.002006 0 0 0.024673 0 0 0 0.002108 0.007007 0.07112
0.009064 0.02035 0 0 0 0 0 0 0 0 0.014245 0 0 0 0.029467 0 0 0
0.011331 0 0 0 0.009209 0.020613 0 0.00166 0 0 0 0 0 0.003033 0 0.009806 0 0
0.010927 0 0 0.024096 0 0.004207 0 0 0 0 0 0.013119 0 0 0.014079 0.009641 0 0.047952
0.008139 0.011715 4.1e-05 0.000714 0 0 0 0 0 0 0.00115 0.00778 0 0 0 0 0.006101 0
0.006303 0 0.003996 0 0.010157 0 0.006572 0 0 0 0 0 0 0 0 0 0 0.076721
0.010411 0 0.003638 0 0 0 0.022347 0 0.005463 0 0 0 0 0 0 0.017526 0 0
0.007165 0 0.022558 0.004036 0.003685 0 0 0 0 0 0 0 0 0.00706 0 0 0 0
0.012904 0 0.002543 0 0 0 0.006331 0.000655 0 0 0.007575 0.010305 0 0.004661 0.009155 0.013362 0 0
0.009734 0.02014 0.020788 0 0 0 0 0.003545 0 0 0 0 0 0 0 0 0 0
0.007174 0 0 0 0.017036 0 0 0.006755 0.001949 0.008341 0 0 0 0 0 0 0 0
0.011172 0.014237 0.012067 0 0.001199 0 0.004207 0 0 0 0.011215 0.000373 0 0 0 0 0 0
0.012376 0.011811 0.004014 0 0 0.004695 0 0 0.003193 0 0 0.003531 0 0 0 0 0 0
0.011064 0 0 0.013827 0 0.00755 0.018013 0 0 0 0 0 0 0 0.018504 0 0 0
0.013401 0 0 0.014923 0 0 0 0 0 0 0 0.016431 0.006226 0 0.000923 0.010587 0.001259 0.000191
0.008787 0 0.010694 0 0 0.004046 0 0.005218 0.001605 0.004195 0 0.004682 0.006506 0 0 0.003806 0 0.008493
0.009552 0.00845 0.007025 0.001864 0 0 0.011283 0 0 0.003502 0.001764 0 0 0 0 0 0.002977 0
0.009692 0.003492 0.000642 0 0.00198 0.016355 0 0 0 0 0 0 0 0 0 0 0 0.033616
0.009329 0.000655 0 0.00091 0.004117 0 0.013437 0 0 0 0 0.004946 0 0.003261 0 0 0 0
0.008819 0.003106 0.005207 0.012797 0 0 0 0 0 0 0.0191 0 0 0.000545 0 0 0 0.042216
0.00853 0.005626 0 0.001773 0 0.004053 0.006223 0 0 0.000681 0 0 0 0.008803 0.019273 0 0 0
0.011115 0.029662 0 0 0 0 0 0 0 0 0.011926 0 0 0 0.00167 0 0 0.001853
0.006903 0 0 0 0.002407 0 0 0.002688 0.004925 0.000391 0.007506 0 0 0 0.00045 0.006025 0 0
0.009002 0.000832 0 0 0.011473 0 0 0 0 0 0.001903 0 0 0.016462 0.013081 0.011908 0.001369 0.180342
0.011283 0.008762 0 0.001981 0.013294 0 0 0 0 0 0 0 0 0.006859 0.004894 0 0.023042 0
0.009957 0 0.00567 0 0.002918 0.008973 0.008653 0 0.009125 0 0 0 0.006479 0 0 0 0 0.02076
0.010518 0.007459 0 0 0.017236 0.003421 0 0 0 0 0 0 0 0.011921 0.006229 0 0 0.020257
0.011126 0.011487 0 0.021066 0 0 0.012142 0 0 0 0 0 0 0 0.010128 0 0 0
0.009385 0 0 0 0.00518 0.014667 0.000681 0.004494 0 0 0 0 0 0 0.00239 0 0.004301 0
0.011429 0.009932 0 0 0 0 0.002354 0 0 0.000779 0.018191 0 0 0.000305 0 0 0 0
0.008791 0 0.001899 0.006798 0 0 0 0 0.016527 0 0 0 0.004195 0 0 0 0 0
0.011055 0 0 0.013498 0 0.011176 0 0 0 0 0 0.009489 0.009253 0 0 0 0 0
0.011032 0 0 0 0 0 0 0.005789 0 0.019243 0.013618 0 0 0.00759 0.009233 0 0 0
0.009893 0 0 0.011382 0 0 0.002046 0 0 0 0.011421 0 0.006225 0 0.004201 0 0 0
0.0103 0 0 0.030313 0 0 0 0.006026 0.013924 0 0 0 0 0 0 0 0 0
0.010104 0 0 0.003411 0 0.003939 0.009501 0 0 0.002306 0 0.002349 0 0 0 0.010578 0 0.023355
0.00965 0 0.011169 0.023221 0 0 0 0 0 0 0.001776 0 0 0 0 0 0.003086 0
0.008276 0.007097 0.004646 0.003323 0 0 0 0.009007 0 0 0 0 0 0.005797 0.015684 0 0 0
0.010097 0 0 0.000887 0.014548 0.006707 0 0 0.000448 0 0 0.001724 0.008522 0 0 0 0 0
0.010319 0 0 0.017564 0 0.012086 0 0.007062 0 0 0 0.011948 0 0 0.003579 0 0 0.071193
0.011031 0.010487 0.012813 0 0 0.006219 0.013742 0 0 0 0.002023 0 0 0 0 0.001426 0 0
0.008214 0 0 0 0.016526 0 0 0.001765 0.007703 0 0 0 0.000712 0 0 0 0.007629 0.001426
0.009818 0 0.016184 0 0 0 0 0.009208 0.00133 0.003797 0 0 0 0.001273 0.005268 0.004125 0 0
0.011444 0 0.005368 0.022077 0.002419 0 0 0 0 0 0 0.001371 0 0.006809 0 0 0.012844 0
0.008999 0 0 0 0.00218 0.008398 0 0.024142 0 0 0.005387 0 0 0 0 0.010954 0 0
0.008162 0 0.003996 0 0.00565 0 0 0 0 0 0 0.014905 0.017794 0 0 0.004457 0 0.006948
0.011844 0.008704 0 0 0.007217 0.003834 0.002377 0 0 0.002469 0 0 0.004267 0 0.002479 0 0 0
0.011281 0 0 0 0 0.012026 0.001509 0.003293 0 0.0245 0.006475 0 0 0 0 0 0 0.080645
0.00955 0.017999 0 0 0 0.003977 0 0 0 0.010201 0 0 0.001951 0 0.000134 0 0 0
0.007959 0 0.01049 0.010341 0 0.000107 0 0 0.006963 0.002476 0 0 0 0 0 0 0 0
0.009747 0 0.006374 0.017646 0 0 0 0 0 0 0 0 0 0 0 0 0 0
0.009943 0.012916 0 0 0.015586 0 0 0.018619 0 0 0 0 0 0 0 0 0.000264 0
0.008783 0 0.008155 0.000605 0 0.010381 0 0.008896 0 0.000636 0 0.00331 0 0.000283 0 0 0 0.034009
0.010171 0.016123 0 0 0 0 0 0 0 0 0.000804 0.008203 0 0.013294 0 0.002452 0 0
0.011183 0 0 0.005759 0.003241 0.002571 0 0 0 0.010941 0.011069 0 0 0 0.024943 0 0 0
0.014598 0 0 0.00863 0 0.006618 0 0.031857 0 0 0 0 0 0.003465 0 0 0 0
0.009333 0.009909 0 0.007543 0 0 0 0.004602 0 0 0.011827 0 0 0 0 0 0 0
0.008163 0.006088 0 0.016835 0.00253 0 0 0 0 0 0.014524 0 0 0 0 0 2.1e-05 0
0.008262 0.002955 0.003181 0 0 0.00511 0 0.000494 0 0 0 0 0 0 0.001138 0.00065 0.008282 0
0.009683 0.020284 0.002653 0 0 0 0 0.010885 0 0 0 0 0 0 0 0 0 0
0.011207 0 0 0 0 0 0 0.003455 0 0 0.004201 0.020909 0.012182 0 0.001381 0.012955 0.000958 0
0.008676 0.012134 0 0.000859 0.026935 0 0 0 0 0 0.003697 0 0 0 0 0 0 0
0.009528 0.004892 0.004215 0 0 0 0 0 0.000687 0 0 0.003758 0 0 0.011914 0 0 0
0.011166 0 0.01178 0.019815 0 0 0 0 0 0 0 0 0 0.006623 0 0 0.02367 0
0.008629 0.003391 9e-05 0 0.001483 0 0.000612 0.028889 0 0 0 0 0 0 0 0.004383 0 0
0.008063 0.007837 0 0 0 0 0.011083 0 0.002114 0 0.002671 0 0 0 0.002862 0 0 0
0.011586 0.019973 0 0 0.007378 0 0 0.011788 0 0 0 0 0 0 0 0 0 0
0.010312 0.006775 0.010347 0 0.002382 0 0 0.015176 0 0 0 0 0.00144 0 0 0.000416 0 0
0.008018 0.007408 0.000406 0 0.000564 0.011826 0.005669 0 0 0.001811 0 0 0 0 0 0 0 0.000885
0.00811 0 0 0.007757 0.011053 0 0.005354 0 0.018906 0 0 0 0 0 0 0 0 0.004498
0.009332 0 0 0.006725 0.010207 0 0 0 0.013275 0.003145 0 0 0 0 0.009933 0 0 0
0.009465 0 0.006618 0 0 0.01236 0.000286 0 0 0.006848 0 0 0 0 0 0.001192 0.025232 0
0.006926 0.006822 0 0 0.007915 0 0 0.00121 0 0.001467 0.007713 0 0 0.000803 0 0 0 0
0.012283 0 0.01154 0 0.00365 0.019221 0.007433 0 0 0 0 0.001111 0 0 0 0.011275 0 0
0.012212 0.004541 0.012392 0 0 0.001348 0.00147 0 0 0.010999 0 0.002828 0.000188 0 0 0 0 0
0.012492 0.013662 0 0.007239 0 0 0 0 0 0.004603 0 0.003256 0.004946 0 0 0 0 0
0.007675 0 0.005814 0 0 0 0.000913 0.005254 0.006975 0.003599 0.007798 0 0 0 0.018748 0 0 0
0.00854 0.010209 0.008304 0 0 0 0 8e-04 0 0.002674 0 0.002728 0 0 0 0 0.001798 0.045791
0.010519 0 0 0.001975 0.013789 0 0 0 0.006472 0.005117 0.002213 0 0 0.022049 0 0 0 0
0.006675 0 0 0 0.003434 0.001084 0 0 0.009127 0.008129 0 0 0.002546 0 0 0 0 0
0.009857 0 0 0 0 0 0 0 0.025004 0.002234 0 0.007486 0.00111 0 0 0.004496 0 0
0.012917 0 0.000392 0 0 0 0 0.004879 0.003252 0.001272 0 0.006253 0 0.00556 0 0.007617 0 0
0.006848 0.009729 0.01971 0 0 0 0 0 0 0 0 0.002388 0.005007 0 0 0 0 0
0.007738 0 0.003333 0.005836 0 0 0 0 0.012736 0 0.005422 0 0 0 0 0 0 0
0.009167 0.006006 0 0.0011 0 0.003119 0 0 0 0 0 0 0.000109 0.000248 0.003146 0 0 0
0.008872 0 0 0 0 0 0 0.008755 0 0 0.000975 0.015033 0.001754 0 0 0.025967 0 0
0.009025 0.002221 0.015656 0 0.005284 0 0 0.005244 0 0.008314 0.021386 0 0 0 0 0 0 0
0.008657 0 0.010082 0.002215 0 0.024985 0.009491 0 0 0 0 0 0 0 0 0 0 0.017418
0.015529 0.014471 0.016943 0 0 0 0.022692 0 0 0 0 0 0 0 0 0.00922 0 0
0.00855 0 0.010996 0 0.007485 0.001277 0.000827 0.002118 0 0 0.005058 0 0 0 0 0.001365 0 0
0.011583 0.005335 0 0.001191 0 0 0 0 0 0 0 0 0.017042 0 0.012867 0 0.008018 0.012958
0.007527 0.009406 0 0 0 0 0 0.002504 0.004818 0 0 0 0 0 0 0 0.001184 0
0.007381 0.010771 0 0 0 0.005938 0 0 0 0 0.008308 0.005495 0 0 0 0.012552 0 0
0.008504 0 0 0.0329 0 0.017787 0 0 0 0 0 0 0 0 0 0 0 0
0.010696 0 0.003328 0 0 0 0 0.008937 0.007249 0.010214 0 0 0 0 0.008632 0 0 0.166753
0.00842 0 0.001856 0.022164 0.002114 0 0.017217 0 0 0 0 0 0 0 0 0 0 0
0.012088 0.005772 0.022299 0 0.008527 0 0.018049 0 0.001952 0 0 0 0 0 0 0 0 0
0.009584 0.004666 0 0 0.016843 0.015853 0.006467 0 0 0 0 0 0 0 0 0 0 0
0.008406 0 0 0 0 0.013933 0.000739 0 0 0 0 0.001259 0 0 0.011181 0 0.006843 0
0.010605 0.011621 0.017188 0 0 0 0 0.003957 0.014364 0 0 0 0 0 0 0 0 0
0.012383 0 0 0.005163 0 0.001586 0.00335 0.004419 0.008419 0 0 0.001735 0 0 0.001874 0.023988 0 0.002776
0.00523 0.002797 0 0 0.003806 0 0 0 0.002977 0 0 0.001255 0 0.002233 0 0.003098 0 0
0.012041 0 0 0.002493 0 0 0 0 0 0.012312 0 0.020076 0 0.019556 0.003828 0 0.02135 0.000582
0.008314 0.004619 0.001748 0 0 0.005687 0.014517 0.003005 0 0 0 0 0 0 0 0 0.000477 0.056732
0.00958 0 5.7e-05 0 0.017944 0 0 0 0 0.010062 0 0 0 0 0 0 0.003402 0.011936
0.013372 0.018798 0.000442 0.011092 0 0 0 0 0.011216 0 0 0.009199 0 0 0 0 0 0.054754
0.012077 0.013959 0.01643 0 0.005042 0 0 0 0 0 0 0 0 0 0 0.000492 0.005533 0
0.007196 0 0 0.009746 0.003364 0 0 0.012087 0 0 0 0.004961 0 0 0 0 0 0
0.009116 0.001935 0.01055 0 0 0.005323 0.004579 0 0.012654 0 0 0 0.005451 0 0 0 0 0
0.011485 0.008347 0 0 0.025733 0 0.002437 0 0 0 0.002208 0 0 0 0 0 0 0
0.012883 0.01824 0 0 0 0 0 0.002265 0.009439 0.011602 0 0 0 0.000761 0 0 0.001693 0.019177
0.007946 0.00953 0 0.001445 0.006771 0 0 0 0.007672 0 0 0 0.018587 0 0 0 0 0
0.007712 0.004419 0 0 0.005014 0 0 0 0 0 0.022523 0 0.00284 0 0 0 0 0.004008
0.007091 0 0 0.010375 0.003759 0.005824 0 0 0 0 0 0 0 0 0 0 0 0
0.010825 0.009493 0 0.012777 0 0 0 0.007212 0 0 0 0.006884 0 0 0.006831 0 0 0
0.007991 0.000212 0.000385 0 0.008608 0 0.007086 0 0.008317 0.006117 0 0 0.008858 0 0 0 0 0
0.012003 0 0.004837 0.004671 0 0 0.002919 0 0.005325 0 0 0 0.009318 0 0.019342 0 0 0.025652
0.00914 0.005829 0 0 0 0 0.000568 0.00683 0 0.008655 0.010676 0.003158 0 0 0 0 0 0.179765
0.009651 0.01396 0 0.002641 0 0 0.004252 0 6e-05 0 0.00409 0.015424 0 0 0 0 0 0
0.009436 0.020884 0.003805 0 0 0 0.010287 0 0 0 0 0 0 0.00475 0 0 0.003142 0
0.007357 0 0.004846 0.005366 0.001665 0 0 0 0 0.002006 0.000109 0 0 0 0 0 0.003496 0.004377
0.011664 0.011633 0 0 0.006124 0.016589 0 0 0 0.007962 0 0 0 0 0.003902 0 0 0
0.010464 0 0.00514 0 0 0 0 0.021584 0.006213 0.012593 0 0.00136 0 0 0 0 0 0
0.009495 0.000757 0 0 0.01218 0 0 0.005406 0 0.002515 0 0 0 0.001938 0.012204 0.004338 0.002289 0
0.007504 0 0.000161 0.002697 0 0 0.0017 0 0.010582 0.002898 0 0 0 0.025446 0.00461 0 0 0
0.008175 0.011545 0.009459 0 0 0 0 0 0 0.000948 0 0 0.004245 0 0 0 0 0.06946
0.009595 0 0.027147 0 0.000781 0 0 0 0 0 0 0 0.015329 0 0 0 0 0
0.013236 0.01462 0 0.008463 0 0 0.025432 0.007871 0 0 0 0 0 0 0.004789 0 0.026293 0
0.010633 0 0 0 0.007883 0 0 0.012927 0.001333 0 0 0.004358 0 0 0 0.004962 0 0
0.009161 0.001943 0 0.020108 0 0 0.00095 0 0 0 0 0 0 0 0.004588 0.000188 0 0
0.009733 0.012247 0 0 0 7.6e-05 0 0.007604 0 0 0 0.002249 0 0 0 0 0.002491 0
0.008505 0 0 0.00808 0.006299 0 0 0.007878 0 0 0.019585 0 0 0 0 0 0 0
0.011065 0 0.001791 0.005458 0 0.005415 0 0 0 0.011338 0 0.015413 0 0 0 0 0.00585 0
0.010034 0 0 0.015209 0 0 0.00965 0 0 0 0.008692 0 0 0 0.015625 0.004074 0 0
0.008712 0 0.013759 0 0 0 0 0 0 0.007736 0.020259 0 0 0 0 0 0 0
0.012029 0.003162 0 0.004201 0.018928 0 0 0.024873 0.001823 0 0 0 0.001265 0 0 0 0 0
0.008959 0.004669 0 0 0 0 0 0.005625 0 0.022453 0 0.008689 0 0 0 0 0 0.127227
0.010126 0.004013 0 0.012256 0 0 0 0 0 0 0.003082 0.001397 0.011557 0 0 0 0 0.002331
0.010778 0 0.012293 0.005034 0 0.000429 0 0 0 0 0 0 0.008355 0 0.008403 0.005349 0.001069 0
0.009846 0.002653 0.001318 0.003056 0.001045 0.000681 0 0.013255 0.003192 0 0 0 0 0 0.008078 0.004167 0 0.112556
0.006793 0.004564 0 0 0.002528 0.005377 0.000692 0.002768 0 0.007778 0 0 0 0 0.012931 0 0 0
0.009985 0.004717 0 0 0 0 0.007101 0.011021 0.006689 0.003014 0 0 0 0 0.017067 0 0 0
0.007576 0 0 0.005626 0 0 0.011027 0 0.006932 0 0 0.004513 0 0 0.007303 0 0 0
0.013541 0.000405 0 0.012146 0.012618 0 0 0.023827 0.005243 0 0 0 0 0 0 0 0 0
0.007689 0.001555 0.009847 0 0 0 0 0 0 0 0.004791 0 0.010841 0 0.005782 0 0.008715 0
0.009134 0 0.002301 0 0 0 0 0.014269 0 0.002453 0 0.002066 0.00607 0 0 0 0.019249 0.009483
0.008667 0.00401 0 0.005288 0 0.001993 0 0.003954 0 0 0 0 0.008077 0 0.000528 0 0 0
0.007125 0.004992 0.006415 0.000482 0 0 0 0 0 0 0 0 0.004568 0 0 0 0.005154 0
0.01039 0 0.008474 0 0 0.004184 0 0.009907 0 0.029587 0 0 0 0 0.002297 0 0 0
0.055259 0 0 0.011717 0 0.011371 0 0.009852 0 0 0 0.434657 0 0 0 0 0 0
0.010404 0 0.019066 0.00281 0 0 0.004467 0 0 0 0 0 0 0 0 0.008564 0 0
0.008986 0.014037 0 0 0.004151 0 0.007919 0 0.008121 0 0.003146 0 0 0 0 0 0 0
0.009887 0 0 0 0.007894 0.002267 0.018799 0.010496 0 0 0 0 0 0 0 0.001403 0.019454 0
0.00799 0 0.000571 0.008135 0 0 0.001641 0.005825 0 0 0.006151 0.002733 0 0 0 0 0 0
0.056099 0 0.451001 0 0 0 0 0 0 0 0 0 0 0 0 0 0 0
0.012339 0 0.004226 0.003745 0.024692 0 0.013958 0 0 0 0 0 0 0 0 0 0 0
0.007174 0 0 0.006842 0 0 0 0.000288 0 4e-06 0.010776 0.004158 0 0 0 0 0 0
0.008688 0.009198 0 0 0 0 0.003559 0.00781 0.00397 0 0 0 0 0 0.01163 0.000759 0.004132 0
0.009184 0 0 0.00121 0 0 0 0 0 0.015995 0 0.007271 0.007236 0.005612 0 0 0.001253 0
0.055259 0.009541 0 0.008829 0 0 0.01701 0 0.011741 0 0 0 0 0 0.432815 0 0 0
0.011477 0.027286 0 0.001938 0 0 0 0 0.001842 0 0.002741 0 0.008508 0 0 0 0 0
0.05952 0 0 0.006347 0.003629 0 0 0 0 0.003964 0 0 0 0.444731 0 0 0 0
0.009523 0 0 0.005444 0 0 0.032403 0 0 0.013274 0 0 0 0 0.009106 0 0 0
0.007811 0.005221 0 0 0 0 0 0.006517 0 0.001088 0 0 0 0 0.011237 0 0 0
0.010997 0.008302 0.012172 0 0 0 0.000377 0 0 0 0 0 0 0 0 0 0.025698 0.009899
0.010987 0 0 0.000841 0.018709 0 0 0 0.0041 0 0 0.004766 0 0.003696 0 0.001009 0 0
0.056676 0 0 0.00406 0 0 0 0 0 0.002134 0.023108 0.00991 0.440749 0 0 0 0 0
0.009208 0.008619 0 0 0.001051 0 0 0.000476 0.000616 0 0.000661 0 0 0.005478 0 0 0 0.004943
0.009283 0.011275 0 0.008521 0.003969 0 0 0.004582 0 0 0 0 0 0 0 0 0.002544 0
0.008033 0 0 0 0 0.007447 0.001699 0.005493 0 0.00139 0.006888 0 0 0 0 0.007266 0 0
0.011478 0 0.007671 0.00314 0 0.014144 0 0 0.01495 0 0 0.006948 0 0 0 0 0 0
0.055609 0.01048 0.003634 0.008472 0 0.01735 0.428171 0 0 0 0 0 0 0 0 0 0 0
0.006164 0.010201 0 0.002619 0 0.004557 0 0 0 0 0 0 0 0 0.005017 0 0.009325 0
0.010694 0 0 0 0 0 0.014842 0 0 0 0 0.005051 0 0 0 0.005374 0.01605 0
0.010557 0 0 0.001482 0 0 0.008649 0 0 0 0.008777 0.012681 0 0.002971 0 0 0 0
0.010562 0 0 0.002062 0.009081 0 0 0.012208 0.001024 0 0 0.02074 0 0 0 0.002081 0 0
0.011032 0.002718 0 0.009581 0 0 0 0.002032 0.002784 0 0.006123 0.005958 0 0 0 0 0 0
0.009532 0.008233 0 0 0.012005 0.022782 0 0 0 0.008789 0 0 0 0 0 0 0 0
0.009255 0 0.016665 0.000442 0 0 0.010698 0 0 0 0 0 0 0 0 0 0 0
0.01048 0.006831 0.002296 0 0 0.00666 0.001162 0 0 0.000542 0.002239 0 0.011793 0 0 0 0 0
0.009229 0.002495 0 0 0.002813 0.005133 0.00758 0 0 0 0 0 0 0 0.003695 0.009615 0.002858 0
0.007822 0 0 0.009571 0 0 0 0 0.00818 0 0 0.013934 0 0.002964 0 0.000173 0 0
0.057382 0.008603 0 0 0 0.006088 0 0.006015 0 0 0 0.438922 0 0 0 0 0 0
0.007611 0.004728 0.012947 0.015476 0 0 0 0 0 0 0.002288 0 0.007574 0 0 0 0 0
0.013433 0.013949 0.013989 0.005557 0 0.004612 0.02013 0 0 0 0 0 0.019295 0 0 0 0 0
0.008478 0 0 0 0 0.007939 0.002738 0 0 0.017445 0 0 0 0 0.007141 0 0 0
0.055728 4.8e-05 0.429724 0 0 0 0 0 0 0 0 0 0 0 0 0 0 0
0.006279 0 0 0.005747 0.014079 0.001511 0 0 0 0.00872 0 0 0 0.000799 0.002959 0 0 0
0.008535 0 0.00429 0.010499 0 0.017457 0 0.005589 0 0 0 0 0 0 0 0 0 0
0.010837 0.021556 0 0 0.010005 0 0 0 0.004007 0 0 0.007667 0 0 0 0 0 0.016726
0.054599 0 0 0.018859 0 0 0.013749 0 0.004601 0.011411 0 0 0 0.000352 0.42595 0 0 0
0.00796 0.004546 0.000515 0 0.000773 0 0 0.00872 0.004353 0 0.00786 0 0 0 0 0 0 0
0.008166 0 0 0.021722 0 0.005302 0 0.004589 0 0 0.000444 0 0 0 0.010777 0 0 0
0.010276 0 0.001681 0.007714 0.004143 0.003683 0.019443 0 0.00173 0 0 0 0 0.006163 0 0.006693 0 0
0.056542 0 0.010225 0.02211 0 0 0 0 0 0 0.013958 0 0 0.446079 0 0 0 0
0.010113 0 0.020921 0 0 0.008243 0.001764 0 0 0 0 0 0 0.002519 0 0 0 0
0.010769 0 0.001517 0.010007 0 0.010267 0 0 0 0 0 0.016422 0 0.005648 0 0 0 0
0.010777 0.002795 0.010502 0 0 0 0 0.005427 0 0 0 0.003943 0 0 0 0 0.008863 0
0.053976 0.000378 0.005048 0 0.005625 0 0 0 0 0.006944 0 0.006686 0.447689 0 0 0 0 0
0.010679 0 0.010302 0.005404 0 0 0 0 0.020499 0.004013 0 0 0 0.008445 0 0 0 0
0.009449 0 0.00964 0 0 0.023685 0 0.000708 0 0 0 0.005562 0 0 0 0 0 0
0.009817 0.004098 0.003358 0.007882 0 0 0 0 0.008626 0 0 0.001608 0 0.012003 0 0 0 0
0.057075 0.031571 0 0 0 0 0.436835 0 0 0 0 0 0 0 0 0 0 0.011079
0.010296 0 0 0 0.005889 0.008827 0 0 0 0 0.00032 0.003481 0 0 0.005665 0.015777 0 0
0.006896 0.004733 0 0 0 0 0 0.002491 0.003396 0 0.016761 0.004853 0.008794 0 0.004083 0 0 0.027929
0.010939 0 0.00597 0.018354 0 0 0 0 0 0 0.00088 0 0 0.005363 0 0.01458 0 0
0.012116 0.009599 0 0 0.009381 0 0.00932 6.2e-05 0 0.001091 0 0 0 0 0 0.00372 0.001613 0
0.009016 0.011144 0.003131 0 0 0.001601 0 0 0.003367 0.021439 0 0 0 0 0 0 0 0
0.008747 0 0.008915 0.007767 0.000759 0 0 0 0.008007 0.016845 0 0 0 0 0 0 0 0
0.008741 0 0.004124 0 0 0 0 0.01084 0 0.020665 0 0 0 0 0.003716 0 0 0
0.00916 0.011306 0.010556 0 0 0 0 0 0.004097 0 0 0 0.00148 0 0 0 0 0
0.010312 0 0 0.023875 0 0 0 0.006596 0.013471 0 0 0 0 0.004352 0 0 0 0
0.008953 0 0 0.001334 0.014711 0.009737 0 0 0 0 0 0 0.011961 0 0 0.003909 0 0
0.012807 0 0.003396 0 0 0 0 0.007595 0.023523 0 0 0 0.009975 0 0 0.001869 0 0
0.008221 0.00588 0.015559 0 0 0.007418 0 0 0 0 0.003493 0 0 0.001593 0 0 0 0.004067
0.056488 0.002836 0 0.002791 0 0.027074 0 0 0 0 0.000852 0.438799 0 0 0 0 0 0
0.010892 0.010182 0 0 0 0.008628 0.001534 0 0 0 0.006408 0.003525 0 0.003625 0 0 0 0.033519
0.009567 0 0 0 0 0 0 0.002842 0.016018 0.01783 0 0 0 0.001251 0.023406 0 0 0
0.055459 0.011441 0.42552 0 0 0 0 0 0 0 0 0 0 0 0 0 0 0
0.010107 0.003742 0 0.006227 0 0.013272 0.004882 0 0 0 0 0.008159 0 0.005144 0 0 0 0
0.008401 0.015296 0 0 0 0.018314 0 0 0 0 0.000942 0 0 0 0 0 0 0.10957
0.054827 0 0 0.011382 0 0.014532 0.014156 0 0 0.021206 0 0 0 0 0.445333 0 0 0
0.011 0.005732 0.00285 0 0 0.013097 0.004358 0 0 0 0 0.003681 0 0 0 0 0.000756 0
0.011343 0.002577 0.010901 0 0 0.007229 0 0 0 0.009413 0 0 0 0 0 0 0.003946 0.057914
0.012091 0.028852 0 0 0 0 0.002562 0 0 0 0 0 0.006629 0 0.006802 0 0 0
0.008017 0.006019 0 0 0 0 0 0.000735 0.005864 0 0 0.005165 0 0.00108 0.006307 0 0 0
0.014423 0.012207 0 0 0.000148 0 0.002896 0.001499 0 0.001648 0.005209 0 0 0 0.003716 0 0 0
0.053391 0 0.00214 0.004598 0 0 0 0 0 0 0.003777 0 0 0.431667 0 0 0 0
0.010156 0 0.010397 0.012541 0.002992 0 0 0 0.009457 0 0 0 0.004164 0 0 0.005018 0 0
0.00946 0 0.000212 0.007309 0 0.012323 0.002029 0 0.000711 0.008843 0 0.006142 0 0 0 0 0 0
0.05876 0 0.002681 0.007019 0 0.003916 0 0 0.000877 0 0 0.001361 0.445625 0 0 0 0 0
0.007455 0.007549 0.005471 0 0 0.006386 0 0.000532 0 0.003406 0.002504 0.006695 0 0 0 0 0 0.070644
0.009018 0.000856 0 0 0 0 0 0.011732 0.004779 0 0 0.012273 0 0.007764 0 0.002962 0 0
0.05382 0.014474 0 0 0 0.018451 0.423219 0 0 0 0 0 0 0 0 0 0 0
0.008973 0 0.005266 0 0 0.010699 0 0 0 0.007685 0 0 0 0.01751 0.004787 0 0 0
0.008259 0 0 0.015911 0 0 0.002387 0 0 0 0.000759 0 0 0 0.017952 0 0 0
0.008643 0 0 0.008659 0 0 0 0 0 0 0.026479 0 0 0 0.012801 0 0 0
0.011821 0 0.022022 0 0.009116 0 0 0 0.003869 0 0 0 0 0.007154 0 0.008007 0 0.038078
0.008296 0 0.010096 0 0 0.004173 0.003748 0 0 0 0 0 0.000449 0 0 0.003641 0.004611 0
0.005445 0 0.000415 0.010045 0.008074 0.003011 0 0 0 0 0 0 0 0.000605 0 0 0 0
0.007073 0 0.000555 0 0.008395 0 0 0.00366 0.001179 0 0 0 0.00035 0 0 0.013533 0 0
0.012299 0.009153 0.012514 0 0 0.003992 0 0 0.004053 0 0 0 0 0 0 0 0 0
0.010136 0.014002 0 0.004838 0 0 0.001902 0 0.004089 0 0 0 0 0 0.005499 0 0.007939 0.021981
0.007556 0 0.001986 0 0.00563 0 0 0.016317 0 0.001975 0 0 0 0 0 0.007955 0 0
0.009061 0 0 0.010164 0.016012 0 0 0.009317 0 0 0 0 0.005869 0 0 0.010374 0 0
0.008073 0 0 0 0.012488 0 0 0 0.009125 0 0 0 0 0 0 0.007171 0 0
0.012117 0 0 0 0 0 0 0.007314 0.004085 0.022065 0.005311 0.002426 0.002476 0 0 2.8e-05 0 0
0.010378 0 0.001155 0 0.017359 0 0 0.012316 0.014344 0.002173 0 0 0 0 0 0 0 0
0.054369 0.004098 0 0 0 0.00304 9.4e-05 0.003393 0 0.01632 0.003137 0.446565 0 0 0 0 0 0
0.006335 0.003622 0.001562 0 0 0 0 0.004137 0 0 0 0 0.003813 0 0.002024 0.004653 0.009074 0.003196
0.05849 0 0.437863 0 0 0 0 0 0 0 0 0 0 0 0 0 0 0
0.011272 0.000163 0.000835 0 0.003506 4.4e-05 0.006073 0.01225 0.010335 0 0 0 0 0 0.003379 0 0 0.04136
0.055644 0 0 0 0 0.002247 0.009899 0.000364 0.000312 0 4e-05 0 0.015775 0 0.452955 0 0 0
0.009269 0 0.007684 0.002929 0 0 0 0.003699 0 0 0 0 0 0 0.011493 0 0 0
0.010525 0 0.007849 0.010225 0 0 0 0.013628 0 0 0.008279 0 0 0 0.014655 0 0 0
0.011314 0 0.008832 0.001303 0 0 0 0.004143 0.012174 0 0 0.001344 0 0.010474 0 0 0 0
0.00746 0.010047 0 0 0 0.003405 0 0 0 0 0 0.00557 0.007413 0 0 0 0 0
0.006898 0.000965 0 0.004757 0 0 0 0.010025 0.00331 0.003673 0 0.007391 0 0 0 0 0 0.015067
0.008623 0.022104 0 8.1e-05 0 0.00019 0 0.001412 0 0 0 0 0.000918 0 0 0 0 0
0.007183 0.019457 0 0 0 0 0.003451 0 0 0 4.3e-05 0 0 0 0 0 0.004409 0
0.057701 0 0 0.0177 0 0 0 0 0.00897 0.004848 0.005896 0 0 0.435588 0 0 0 0
0.012344 0 0 0 0.00814 0.004313 0 0 0.006199 0 0.001111 0.02265 0.01422 0 0 0.012691 0 0.017072
0.056263 0 0.016335 0 0 0 0 0 0 0.003177 0 0 0.451233 0 0 0 0 0
0.006643 0 0.008766 0 0 0.014825 0 0.000803 0 0.005804 0 0 0 0 0.004343 0 0 0.034388
0.054319 0.034459 0 0 0 0 0.438044 0 0 0 0 0 0 0 0 0 0 0
0.010355 0.000928 0.000658 0.004622 0.006147 0.020239 0 0 0 0 0.000406 0 0 0.005841 0 0 0 0
0.009538 0.011456 0 0 0.004058 0 0 0 0.004722 0 0 0 0 0.008761 0.007753 0 0 0
0.011077 0 0.011281 0.012954 0 0 0 0 0 0 0 0 0.014782 0 0 0.003484 0.006101 0.101577
0.005131 0 0.009644 0.00578 0.004994 0 0 0 0 0 0 0 0 0.004117 0 0 0 0
0.010856 0.002137 0.012237 0 0 0.01345 0.006018 0 0.007682 0.008309 0 0 0 0 0 0 0 0.045763
0.00732 0 0 0 0 0.000613 0 0 0 0 0.000377 0 0.00766 0.000392 0.001347 0.020631 0 7e-06
0.007541 0.007938 0.004895 0 0.001076 0 0 0.003317 0.000443 0.000202 0 0 0 0 0 0 0.001654 0
0.009667 0.004527 0 0.006034 0.00562 0 0 0 0.007993 0 0.00344 0 0 0.00143 0.00147 0 0 0
0.009366 0.005415 0 0 0.003586 0 0 0.002895 0.017989 0 0 0 0 0.006303 0 0 0 0
0.012006 0.00111 0 0.026007 0.001458 0 0 0.004877 0.014565 0 0 0.001716 0 0 0 0 0 0.008194
0.004941 0.002387 0.016268 0 0 0 0 0.000636 0.002352 0 0 0 0 0 0 0 0 0
0.010116 0.019441 0 0 0.002365 0 0.003288 0 0.007618 0 2e-06 0 0 0 0 0 0 0
0.010096 0.019727 0 0 0.01416 0 0.007196 0 0 0 0 0 0 0 0 0 0 0
0.010969 0 0 0 0.005446 0.000887 0.007285 0 0 0.018069 0 0 0 0.000594 0 0 0 0
0.008555 0.017539 0 0 0 0 0.008879 0.00206 0.001097 0 0 0 0 0 0.013116 0 0 0
0.011349 0.009472 0 0.004968 0 0 0.015323 0 0.004484 0 0 0.009702 0 0 0 0 0 0.018449
0.056717 0.012187 0 0 0 0.007885 0 0 0 0 0.008019 0.447969 0 0 0 0 0 0
0.057956 0.009954 0.438169 0 0 0 0 0 0 0 0 0 0 0 0 0 0 0
0.056574 0 0 0.010459 0 0 0.010525 0.016919 0 0.006793 0 0 0 0 0.449066 0 0 0
0.008955 0.008332 0 0 0 0 0 0.000965 0.015067 0 0 0.004717 0 0 0 0.001007 0 0
0.007767 0.000751 0 0.011823 0.002591 0.003262 0.009345 0 0 0 0 0 0.002556 0 0 0 0 0
0.010817 0.010853 0.000307 0 0.000397 0 0.002292 0 0.021804 0 0 0 0 0 0 0.000933 0 0
0.005855 0 0 0 0 0 0 0.010735 0 0.004984 0 0 0 0.003956 0.002849 0 0.000483 0
0.014903 0 0 0 0.00725 0.005873 0 0.01048 0 0.016899 0.019203 0 0 0 0 0.005165 0 0
0.012854 0.020833 0.020338 0 0 0 0 0 0 0 0 0 0 0 0 0 0 0
0.011616 0.009926 0 0.005114 0 0.000804 0 0.014986 0 0 0 0.028566 0 0.006666 0 0 0 0
0.009571 0.006824 0 0 0 0.012006 0.013788 0 0 0 0 0.013492 0 0.003085 0.000965 0 0 0
0.00789 0.008183 0.004181 0 0 0.001933 0 0 0 0.004891 0.003993 0 0.006722 0 0 0 0 0.017075
0.058882 0 0 0.004504 0 0 0 0 0.001514 0 0.002821 0 0 0.453875 0 0 0 0
0.057997 0 0.011289 0.019401 0 0 0 0 0 0 0.00605 0 0.424117 0 0 0 0 0
0.05324 0.013155 0 0 0 0.01155 0.465097 0 0 0 0 0 0 0 0 0 0 0
0.01192 0 0.012749 0 0.009093 0 0 0 0 0.007147 0 0 0 0 0 9.7e-05 0.003181 0
0.007045 0.009936 0.007211 0.002618 0.004305 0 0 0 0.010003 0 0 0 0.0192 0 0 0 0 0
0.005552 0 0.019647 0 0.000744 0 0 0.000188 0.003944 0 0 0 0 0 0 0 0 0
0.011822 0 0 0.006392 0 0 0.017483 0 0 0.003426 0 0 0 0 0.005962 0 0.012096 0
0.012341 0 0 0 0 0 0.006811 0.008503 0.004294 0.012691 0.007334 0 0.002245 0 0.010717 0 0 0
0.011978 0.012987 0 0 0 0.010507 0 0.021937 0.011979 0 0 0 0 0 0 0 0 0
0.007367 0.006767 0 0 0 0 0.002889 0 0 0.004193 0.015336 0 0 0 0 0 0 0
0.009965 0.012117 0 0 0 0 0 0 0.004802 0 0 0.006771 0 0.006584 0 0 0 0
0.008635 0.001764 0.002942 0 0 0.022064 0.017155 0 0 0 0 0 0 0 0 0.008432 0 0
0.011437 0.016584 0 0 0.015732 0 0.022221 0 0 0 0 0.000204 0 0 0 0 0.005949 0.020163
0.00665 0.010563 0 0.009004 0 0 0 0.001055 0 0 0 0 0 0.000775 0.020523 0 0 0
0.007125 0 0 0.008214 0 0.005715 0 0.014375 0.016145 0 0 0.003104 0 0 0 0 0 0
0.006727 0.000218 0.015212 0 0 0.004311 0 0.002676 0 0.001193 0 0.001807 0 0 0 0 0 0.016479
0.052349 0 0 0.012905 0.438252 0 0 0 0 0 0 0 0 0 0 0 0 0
0.054703 0 0 0 0.434556 0 0 0 0 0 0 0 0 0 0 0 0 0
0.055018 0 0 0 0.445929 0 0 0 0 0 0 0 0 0 0 0 0 0
0.054268 0.023599 0 0 0.430766 0 0 0 0 0 0 0 0 0 0 0 0 0
0.05747 0 0 0.009978 0.434984 0 0 0 0 0 0 0 0 0 0 0 0 0
0.194654 0 0 0.008073 0 0 0.001987 0 0.014382 0.009883 0 0 0.001673 0 0.008748 0 0 0
0.010045 0 0.003158 0.005308 0 0 0 0 0 0 0.012441 0.018872 0 0 0 0.005412 0 0
0.010729 0.007465 0 0 0.001181 0 0.018375 0 0.003267 0 0 0.008627 0 0 0 0 0 0
0.015702 0.016748 0 0 0.024836 0.002829 0.012434 0 0 0 0 0 0.000413 0 0 0 0 0.032292
0.011063 0 0 0 0.003986 0 0 0 0 0.013053 0.005742 0 0.008727 0 0 0 0.00649 0
0.010763 0.015139 0 0 0 0.003947 0 0 0 0.008672 0 0.004777 0.024351 0 0 0 0 0
0.011328 0 0 0.009411 0.007701 0 0 0 0 0.01424 0.001259 0 0.005156 0 0 0 0 0
0.011271 0.006736 0 0 0.00386 0.016587 0.021876 0 0 0 0 0 0 0 0 0 0 0
0.011187 0.021239 0 0 0.006388 0 0.00184 0.014813 0 0 0 0 0 0 0.003887 0.008412 0 0
0.005518 0 0 0.004901 0.017372 0.004441 0 0 0 0 0 0.001809 0 0 0 0 0 0
0.009666 0 0.016275 0 0 0 0 0 0.002039 0 0 0 0 0.007716 0 0 0 0
0.010546 0.006963 0 0 0 0.015915 0.009803 0 0 0 0 0.001238 0 0 0 0.003927 0 0
0.19618 0 0.003793 0.000673 0 0.003593 0.000551 0 0 0.003937 0 0.019328 0.000727 0 0 0 0 0
0.055222 0.005209 0.023033 0 0 0 0 0.438704 0 0 0 0 0 0 0 0 0 0
0.059248 0 0.020017 0 0.002975 0 0 0.440279 0 0 0 0 0 0 0 0 0 0
0.057534 0 0.013386 0.011138 0 0 0 0.434971 0 0 0 0 0 0 0 0 0 0
0.055916 0.004866 0.003524 0 0.004188 0.018769 0 0.450185 0 0 0 0 0 0 0 0 0 0
0.05591 0 0.026559 0 0 0 0 0.436503 0 0 0 0 0 0 0 0 0 0
0.012635 0 0.027479 0.015759 0 0 0 0 0 0 0 0 0.017308 0 0 0.000368 0 0
0.012513 0 0.006899 0.016822 0.00744 0.00093 0.004308 0 0 0 0 0 0 0 0 0.009127 0 0
0.012005 0.017158 0 0.00895 0.000888 0.008913 0 0 0 0 0 0 0 0.006577 0 0 0 0
0.009741 0 0.009342 0 0.020178 0 0 0.001724 0.011338 0 0 0 0 0 0 0 0 0
0.011265 0 0 0.007962 0 0 0.002219 0 0 0 0.011483 0 0.003779 0.008366 0.01547 0.00117 0 0
0.008352 0 0.004275 0 0 0 0 0.005737 0 0.000437 0 0 0.010299 0 0.007255 4.8e-05 0.003353 0
0.011899 0.013571 0 0 0.005836 0 0 0 0.009095 0.001558 0 0 0 0 0 0 0 0
0.008534 0 0 0 0 0 0.002793 0 0 0 0 0.01813 0 0.003817 0 0.007782 0.015866 0
0.012155 0 0.001144 0.000488 0 0.019048 0 0 0.012517 0 0 0 0.011668 0 0.001463 0 0 0
0.010772 0 0 0 0.023815 0 0 0 0 0.002171 0 0 0 0 0 0 0.009611 0.019465
0.007649 0.014608 0.003336 0 0 0 0 0 0 0 0 0 0 0 0 0.007858 0.003629 0
0.008692 0 0 0.020265 0 0.001758 0 0 0 0 0 0 0.002348 0.00628 0 0 0 0
0.010379 0 0 0.01432 0 0 0.003807 0.003324 0 0 0.010716 0 0 0 0 0 0 0
0.006133 0.013404 0 0 0 0 0 0.006807 0.009079 0 0 0.005551 0 0 0 0 0 0.015416
0.193756 0.016725 0 0 0 0 0 0 0 0 0.015168 0.00355 0.002071 0 0.004165 0 0 0.00299
0.194874 0 0 0.017801 0 0 0 0 0 0 0 0.011486 0 0 0 0 0.004958 0.019772
0.195561 0.016758 0 0 0 0.007399 0 0 0 0.002562 0.008252 0 0 0.006448 0 0.003632 0 0.001346
0.196869 0.009761 0 0 0.005058 0 0 0.015453 0 0.004406 0 0 0 0 0 0 0 0
0.197175 0 0 0.009838 0.010742 0 0 0 0 0 0 0 0 0 0 0.007614 0 0
0.196457 0 0.002662 0 0.006418 0.01426 0 0 0 0.001077 0.002731 0 0 0 0 0 0 0
0.197753 0.00049 0.012514 0 0.000166 0 0.005061 0 0 0.011641 0 0 0 0 0 0.002994 0 0
0.19465 0 0.005649 0.015046 0 0 0 0 0.007841 0 0 0 0 0.000765 0 0 0 0.007843
0.195419 0.00219 0.00997 0 0 0.004061 0 0.003575 0.003694 0.004189 0 0 0 0 0 0 0 0
0.198068 0.014757 0 0 0 0 0.003475 0.00606 0 0 0.009273 0 0 0 0 0 0.009961 0.000607
0.196506 0 0 0 0 0 0.007311 0.00563 0 0.006799 0 0 0 0.009879 0.001248 0 0.002012 0.001374
0.197613 0.006629 0 0.017331 0.005608 0 0 0 0 0 0 0 0 0.000414 0 0 0 0
0.196782 0 0 0.018031 0.012506 0 0.00042 0 0 0 0 0.001868 0 0 0 0 0 0.002675
0.009564 0 0.006581 0.005208 0.008978 0 0.022304 0 0 0 0 0 0 0 0 0 0 0
0.009348 0.000988 0 0 0 0.012428 0.011506 0 0 0.015906 0 0 0 0.000961 0.014488 0 0 0
0.005164 0.007015 0 0 0.002813 0 0.010223 0 0 0 0.005428 0 0 0 0 0.000655 0 0
0.009242 0.012421 0 0.011058 0 0.001298 4.7e-05 0 0.008203 0 0 0 0 0.006058 0.008131 0 0 0
0.009443 0 0 0.003968 0 0 0.027207 0 0.02271 0 0 0.011198 0 0 0 0 0 0
0.00928 0 0.008967 0.016285 0 0 0.004018 0.000141 0 0.000321 0 0 0 0 0 0 0.007066 0
0.009841 0.002182 0 0 0 0.002523 0.007354 0 0 0 0.00933 0 0 0 0.009091 0 0 0
0.011833 0 0 0.003817 0 0 0.033264 0 0 0 0 0 0 0 0.015421 0 0.010618 0
0.01481 0.013618 0 0.005578 0.020299 0 0 0 0 0 0 0.011869 0.001817 0 0 0 0 0.068282
0.011307 0.003073 0 0.012984 0 0.003173 0 0 0 0 0 0 0.000843 0.013652 0 0 0 0
0.012498 0.015844 0 0 0 0.004705 0 0 0.00339 0.001519 0 0.014987 0.009884 0 0 0 0 0
0.011796 0 0.009758 0.008304 0 0 0 0.001111 0 0 0 0.00229 0 0 0.001324 0.001434 0.008298 0
0.012879 0 0 0 0.002136 0 0.00395 0 0.000489 0 0 0.014518 0.005946 0 0.002059 0.007842 0.014019 0.04927
0.009116 0 0 0 0.007378 0 0 0 0 0.001616 0.011285 0 0.001619 0.01305 0.002202 0 0 0
0.054504 0 0 0.021834 0 0 0 0.00646 0 0 0 0 0 0.007471 0 0.014647 0.454833 0
0.055118 0.02015 0 0 0.011232 0 0 0 0 0 0 0 0 0 0 0.008601 0.428354 0
0.053722 0.012472 0.008274 0 0 0 0 0.004727 0 0 0 0 0.006549 0 0.002296 0.012328 0.452679 0
0.05529 0.003483 0.021065 0 0 0 0 0.003604 0 0 0 0 0 0 0 0.011314 0.44853 0
0.056674 0.017246 0.006811 0 0 0 0 0.011663 0 0.007022 0 0 0 0 0 0 0.435098 0.009538
0.197487 0.014672 0.004695 0 0.006852 0.008047 0 0 2.1e-05 0 0 0 0 0 0.006076 0.006943 0 0
0.011609 0.00462 0.010288 0 0 0 0.020113 0 0 0 0 0.009184 0 0 0 0 0 0.21059
0.007821 0 0.002154 0 0 0 0 0 0 0.003951 0 0 0.003476 0.009626 0 0.008286 0.001677 0
0.009601 0 0.022681 0.013431 0 0 0 0 0.001799 0 0 0 0 0.00467 0 0 0 0
0.010502 0.001094 0.007451 0.008429 0 0.004607 0 0.007454 0 0 0 0 0 0 0.025207 0 0 0.011199
0.012141 0.010194 0.003082 0.005551 0 0 0 0.016134 0 0 0 0 0 0.000305 0 0 0 0.018792
0.00879 0 0 0.011539 0.000462 0 0 0 0 0 0.003573 0 0.01471 0 0.005332 0 0.004728 0.026577
0.010046 0.032325 0 0 0 0.000414 0.013816 0 0 0 0 0 0 0 0.02249 0 0 0
0.0116 0.021947 0 0 0.004127 0.004288 0 0 0 0 0 0 0 0.000546 0 0 0 0
0.008037 0 0.000545 0.00721 0.002722 0 0.01114 0 0.001799 0 0 0 0.00094 0.000179 0 0.003543 0 0
0.011438 0.011918 0 0.013763 0.003896 0 0.000489 0.004493 0 0 0 0 0 0 0 0 0.017422 0
0.008683 0.002253 0.00959 0.005512 0 0.003531 0 0 0 0 0 0 0.009175 0 0 0 0 0.075453
0.19704 0 0 0 0 0.010365 0.002827 0.00446 0 0.00032 0.013224 0 0 0.003886 0 0.004069 0 0
0.057093 0.433291 0 0 0 0 0 0 0 0 0 0 0 0 0 0 0 0
0.059857 0.432005 0 0 0 0 0 0 0 0 0 0 0 0 0 0 0 0
0.055279 0.443565 0 0 0 0 0 0 0 0 0 0 0 0 0 0 0 0
0.056854 0.432079 0 0 0 0 0 0 0 0 0 0 0 0 0 0 0 0
0.057626 0.424034 0 0 0 0 0 0 0 0 0 0 0 0 0 0 0 0
0.009972 0.002471 0 0 0.001041 0 0.015192 0 0 0.01601 0 0 0 0 0 0 0.016313 0.062247
0.007678 0.004599 0.007468 0 0 0 0 0 0 0.009421 0.009162 0 0.002405 0 0 0 0.005175 0.055518
0.010647 0.019634 0 0 0 0 0 0.002798 0 0 0.002374 0.019216 0 0 9e-05 0 0.000782 0
0.007546 0 0 0 0 0 0 0.000573 0 0 0.001908 0 0 0.012197 0.01683 0.000652 0.001448 0
0.009692 0.011055 0 0 0 0 0 0 0.005669 0.01804 0 0 0.004575 0 0 0 0 0
0.010636 0.010569 0 0 0 0 0 0 0.02016 0 0 0 0 0.00629 0 0 0.000726 0
0.009198 0.015811 0.003706 0 0 0 0 0.001 0 0 0 0.004841 0 0 0 0 0.019695 0
0.009462 0 0.008571 0.000742 0 0 0 0 0.00329 0.005784 0 0.005766 0.008721 0 0 0 0 0
0.011037 0 0.005564 0.011007 0 0 0 0 0.003024 0.000684 0.003301 0 0 0.026926 0 0 0 0.001861
0.008828 0.008586 0 0 0.001174 0 0 0.004189 0.003085 0 0 0 0 0.001214 0 0 0.008676 0.043336
0.007474 0 0 0 0.015338 0.000843 0 0.011218 0 0.00592 0 0 0 0 0 0 0.006002 0
0.00873 0 0 0.022436 0 0 0.009303 0 0 0 0 0 0 0.005061 0.004265 0 0 0.000771
0.009964 0 0.013047 0 0 0 0.014137 0 0 0.003425 0 0 0.000941 0 0 6.1e-05 0 0
0.05519 0.017695 0 0 0.003047 0.436224 0 0 0 0 0 0 0 0 0 0 0 0
0.054072 0 0 0.000126 0.01095 0 0 0 0.439913 0 0 0 0 0 0 0 0 0
0.05443 0.007522 0.009038 0 0 0 0 0 0 0.00873 0.451555 0 0 0 0 0 0 0
0.009436 0.001483 0.009059 0 0 0.000138 0 0.002489 0.000529 0.027318 0 0 0 0 0 0 0 0.097575
0.012083 0.007349 0.003839 0.004815 0 0.011179 0 0 0 0.006674 0 0 0 0 0 0 0 0
0.009176 0 0.00262 0 0 0 0 0 0.007974 0.002914 0 0 0.013589 0.001713 0.009066 0.004308 0 0
0.007464 0 0.009025 0.011938 0 0.005391 0 0 0 0 0 0.008085 0 0.0096 0 0 0 0
0.007227 0.003493 0.015735 0.0016 0 0 0 0 0.009037 0 0 0 0.001049 0 0 0 0 0
0.011184 0 0.007588 0 0 0.005943 0.012192 0 0.001574 0.004345 0 0.003098 0 0 0 0.004744 0 0.106994
0.006315 1.6e-05 0.013062 0 0.001511 0 0 0 0 0 0 0 0 0.007733 0 0 0.002218 0
0.009775 0 0 0 0.011543 0 0 0 0 0 0 0.000712 0 0.021297 0 0 0.00978 0.012889
0.01044 0.025581 0 8.2e-05 0 0 0.005002 0 0.004977 0 0 0 0 0 0 0 0.001558 0
0.055218 0 0.00738 0 0.00076 0.009388 0.018738 0 0.004178 0 0 0.005869 0 0 0 0.433154 0 0
0.054356 0 0 0 0.018123 0 0 0 0 0.451788 0 0 0 0 0 0 0 0
0.057146 0 0.000404 0.431561 0 0 0 0 0 0 0 0 0 0 0 0 0 0
0.00969 0.007539 0.002282 0 0.00203 0 0 0 0 0 0.016886 0 0.004301 0 0 0.005308 0 0
0.008958 0 0 0.026027 0 0.009858 0 0 0 0 0 0 0 0 0 0 0 0
0.015002 0 0.017482 0 0 0 0.010936 0 0.010296 0.006254 0.004901 0 0.006662 0 0 0 0 0
0.009074 0.00056 0.006582 0 0 0 0 0 0 0.003304 0.006826 0.016834 0 0 0 0 0 0
0.011097 0 0.007697 0.010204 0 0.010094 0.017587 0 0 0 0 0 0.010777 0 0 0.007738 0 0.007214
0.010491 0.010672 0 0 0 0 0.002579 0 0.007467 0.000369 0 0 0.001911 0 0.003775 0 0 0
0.010354 0 0 0.012832 0 0 0 0.003769 0 0 0 0.008434 0 0 0 0 0.012339 0
0.007937 0 0.005528 0 8.4e-05 0.011751 0.020236 0 0 0 0 0 0 0 0 0 0 0
0.01007 0.009848 0.008036 0 0 0 0 0.006573 0 0 0.003936 0.003023 0 0 0 0.000686 0 0
0.01078 0 0.005924 0 0.001166 0.003347 0 0 0 0.00273 0 0 0.001197 0.016729 0 0 0 0.007717
0.008486 0 0 0.002816 0.001324 0 0 0.016359 0.006948 0 0.008278 0 0 0 0 0 0 0
0.011404 0.004993 0 0.008237 0.000984 0.017932 0 0 0 0 0 0 0 0 0 0 0 0.023442
0.008828 0.021526 0.007654 0 0 0 0.014991 0 0 0 0 0 0 0 0 0 0 0
0.011762 0.013528 0 0.014006 0 0 0.017202 0 0.000384 0 0 0 0 0 0 0 0 0
0.008373 0.001373 0 0.004749 0.02093 0 0 0.009133 0 0 0 0 0 0 0 0 0.004432 0
0.012887 0.019869 0 0 0.010203 0.010112 0 0 0 0 0 0 0.000304 0.002828 0 0 0 0
0.057631 0 0 0 0 0.435128 0 0 0 0 0 0 0 0 0 0 0 0
0.011102 0.003122 0 0.001288 0.013023 0 0 0.003151 0.008813 0 0 0 0 0.016442 0.008925 0 0 0.002319
0.060211 0 0.004425 0.017283 0 0 0 0 0.440514 0 0 0 0 0 0 0 0 0
0.010754 0.012057 0.000534 0.014204 0.006056 0 0 0.002533 0.00611 0 0 0 0 0 0 0 0.002893 0
0.05882 0.015007 0 0.008923 0.017989 0 0 0 0 0 0.436297 0 0 0 0 0 0 0
0.011492 0 0 0.002151 0 0 0 0.003579 0 0.001367 0.00513 0 0 0.011605 0.014447 0 0 0
0.010467 0 0.001459 0.002124 0.008905 0.005598 0.012443 0.004032 0 0 0.002388 0 0 0 0 0 0 0.00353
0.009074 0.00129 0 0 0.003078 0 0 0 0 0.017687 0 0 0 0.010726 0.011277 0 0.002928 0
0.00917 0.007699 0 0 0.003234 0.013338 0 0.003197 0 0 0 0 0 0 0 0 0 0
0.009659 0.00636 0.000132 0.002612 0 0 0.017435 0 0 0 0 0.003375 0 0.002968 0 0 0 0
0.012332 0.001348 0.011583 0 0 0 0.011162 0 0.013602 0.001786 0 0 0 0.001824 0 0 0 0
0.011419 0 0 0.004464 0.016436 0 0.002294 0 0 0 0.016681 0 0.003767 0 0 0.004935 0 0
0.057114 0 0.016198 0 0 0.008197 0 0 0 0 0 0.000902 0.001156 0.004851 0.003893 0.444672 0 0
0.007697 0 0.012631 0 0 0 0.001131 0 0 0.004686 0.005972 0 0.007548 0 0 0 0 0.024047
0.0562 0 0 0 0.020932 0 0 0.014565 0 0.418341 0 0 0 0 0 0 0 0
0.007086 0 0.003746 0 0 0 0.019825 0 0.010936 0 0 0 0 0 0 0.005787 0 0
0.058595 0 0.001396 0.433435 0 0 0 0 0 0 0 0 0 0 0 0 0 0
0.009426 0.008529 0.001241 0.006644 0 0 0 0 0 0 0.008863 0 0 0.009958 0 0 0.005651 0.158085
0.011125 0.004736 0.008896 0.001588 0 0.013059 0 0 0 0.008636 0 0.00463 0 0 0 0 0 0
0.007882 0 0 0 0.002774 0 0 0.013642 0.000245 0.014323 0 0 0 0 0.004335 0.003716 0 0
0.007205 8e-05 0.00979 0 0 0 0 0 0.007574 0 0 0 0.000837 0 0.023785 0 0 0.150806
0.01345 0 0.012318 0 0.013083 0 0 0 0 0 0 0 0.003003 0.000976 0 0.013742 0 0
0.007668 0 0 0.004217 0.009054 0 0 0 0.012457 0 0 0 0 0.000678 0.00086 0 0 0
0.008813 0 0 0.001055 0 0.017813 0.007629 0 0 0 0 0.015669 0 0 0 0.0131 0.001138 0
0.008962 0.001942 0 0 0.007693 0.012135 0 0.002788 0 0.007958 0 0 0 0.007797 0 0 0 0.012485
0.012446 0 0.000157 0 0.011008 0 0.006816 0 0 0.007555 0 0 0 0 0 0 0.018 0
0.009551 0 0 0.008011 0 0.004829 0 0 0 0.010061 0 0.014984 0 0.011016 0 0 0 0
0.01171 0.01154 0 0 0 0 0.001197 0 0 0 0 0.006062 0.008366 0 0.019434 0 0.004754 0
0.007924 0 0.000839 0.00896 0 0.001449 0 0.005559 0 0.00547 0 0 0 0 0 0 0 0
0.007222 0.001456 0 0 0 0 0 0 0.01074 0 0.001663 0 0 0 0.01401 0 0 0
0.006774 0 0 0.006345 0.00067 0.001957 0.001931 0.006412 0 0.010662 0 0 0 0 0 0 0.013755 0
0.056831 0 0.016642 0 0 0.436028 0 0 0 0 0 0 0 0 0 0 0 0
0.010868 0.001231 0.000985 0 0.001124 0 0 0 0 0.009106 0.004895 0 0 0.018684 0 0 0 0
0.007506 0.010192 0 0 0 0.004785 0 0 0.007094 0.006028 0 0 0 0.011721 0.006116 0 0 0
0.05832 0 0 0 0.002376 0 0.005434 0 0.451152 0 0 0 0 0 0 0 0 0
0.012125 0.005432 0.019918 0 0 0 0 0 0.004783 0 0 0.009761 0 0.008506 0 0 0 0
0.008779 0.00621 0.002722 0 0.005312 0.003651 0 0.002318 0 0 0.018573 0 0 0 0 0.002688 0 0
0.058788 0 0 0.004251 0.000389 0 0 0 0 0.00728 0.444885 0 0 0 0 0 0 0
0.008711 0.000868 0.008529 0 0.003482 0.000216 0.020411 0 0 0 0 0 0 0.00034 0 0.000604 0 0
0.014288 0 0 0 0.008523 0 0 0.032257 0.004256 0 0.002595 0 0 0 0 0.017458 0 0
0.009156 0.000852 0 0.010835 0.019947 0 0 0 0 0 0 0 0 0 0.000591 0 0 0
0.010931 0.002322 0.001127 0.005393 0 0.021488 0.020478 0 0 0 0 0 0 0 0 0 0 0
0.008053 0.002006 0.011833 0 0 0 0.007408 0 0 0 0.007963 0.000539 0 0.001448 0 0.000804 0 0
0.057043 0 0.019401 0 0 0 0 0.003534 0.000877 0 0 0.021558 0 0 0 0.455513 0 0
0.012563 0 0 0 0.010879 0 0 0 0.014297 0 0 0 0.009321 0 0 0 0 0
0.010779 0.010403 0 0 0.004382 0 0 0.029297 0 0 0 0 0 0 0 0.002669 0 0
0.054782 0 0 0 0 0.001278 0.008197 0 0 0.452703 0 0 0 0 0 0 0 0
0.009405 0 0.024754 0 0 0 0 0.000361 0.016485 0.021966 0 0 0 0 0 0 0 0.136757
0.009962 0.007789 0.011232 0 0 0.011051 0 0 0.005589 0 0 0.000219 0 0 0 0.004239 0 0
0.056839 0 0.009947 0.443167 0 0 0 0 0 0 0 0 0 0 0 0 0 0
0.005491 0.000133 0.000117 0.005473 0 0 0.005063 0 0.001904 0.000307 0 0 0 0.00816 0 0 0.003591 0
0.013989 0 0 0 0.005098 0 0 0.021589 0 0.013463 0 0.013001 0.001291 0 0 0 0 0
0.011359 0 0.015088 0 0 0 0 0 0 0.014426 0 0 0.003845 0 0 0.003657 0 0
0.010103 0.000728 0 0.005999 0 0 0.015979 0 0 0 0 0 0 0.001808 0 0 0 0
0.011722 0 0.004723 0.002686 0.001674 0.003224 0 0.007286 0.003836 0 0 0 0 0 0 0 0.00022 0.040305
0.009822 0 0.001009 0.000393 0 0 0.004841 0.011161 0.010123 0 0 0 0 0 0.00195 0.000232 0 0.089554
0.011203 0.006051 0.010205 0 0 0 0 0.000266 0 0 0.016272 0 0 0.002499 0 0.003257 0 0.041942
0.012402 0 0.012786 0.009852 0.008979 0 0 0 0 0 0 0 0 0.008194 0 0.015225 0 0
0.012173 0 0 0.003314 0.019393 0 0 0 0.002825 0.021108 0 0 0 0.007308 0 0 0 0
0.010173 0.001213 0.007422 0.002962 0.00115 0 0 0 0 0 0.007695 0.006792 0 0.0155 0 0 0 0
0.006993 0 0.003205 0 0 0 0.011554 0 0 0.001516 0 0.000478 0.007727 0 0.003032 0 0.001507 0
0.008928 0 0 0 0 0 0 0.006015 0.01416 0.013077 0 0.010584 0.002029 0 0.000819 0 0 0
0.053879 0.009071 0 0 0.011831 0.444474 0 0 0 0 0 0 0 0 0 0 0 0
0.01305 0.002635 0.006217 0 0.00661 0.000306 0 0.012954 0 0 0 0 0.001289 0 0 0.020593 0 0
0.009339 0.002503 0 0 0.01471 0 0 0.014475 0 0 0.011458 0 0 0 0 0.001227 0 0
0.007585 0.001046 0 0 0.006157 0.000185 0.007255 0.000365 0.009273 0 0 0 0 0 0 0 0 0
0.055944 0 0 0.027708 0 0 0 0 0.432417 0 0 0 0 0 0 0 0 0
0.009079 0 0.016818 0.008581 0 0 0 0.010848 0 0 0 0.005401 0 0 0 0 0.003263 0
0.008298 0.008499 0.002018 0 0 0 0.00034 0.000686 0 0 0 0 0 0 0.001953 0.010279 0 0
0.007098 0 0.014677 0.006585 0 0 0 0.020066 0 0 0 0 0 0 0 0 0.013018 0
0.052993 0.010685 0 0.005097 0 0 0.017139 0 0 0.000899 0.438969 0 0 0 0 0 0 0
0.010449 0.009523 0 0 0 0.001133 0 0.002697 0.000866 0 0 0.024672 0 0 0.008973 0 0 0
0.010373 0 0.004835 0.010895 0 0 0 0 0 0 0.005172 0 0.00471 0 0 0.010508 0 0
0.005815 0 0.003645 0.003016 0.009798 0 0 0 0 0 0 0 0 0.010674 0 0 0.012845 0.003793
0.055575 0 0 0 0.015125 0.0132 0 0 0.007298 0 0 0.015145 0 0 0 0.450259 0 0
0.008985 0 0.003344 0.002204 0.014338 0 0 0 0 0.006212 0 0 0 0 0 0 0 0
0.009651 0 0 0 0 0 0 0.006101 0 0.009165 0 0.010946 0 0.009628 0 0 0.015609 0
0.010227 0.009128 0.002512 0 0.001344 0 0.005966 0 0 0 0.001484 0 0 0 0 0.007225 0.011214 0
0.057931 0 0 0 0.015394 0 0 0.026252 0 0.424031 0 0 0 0 0 0 0 0
0.014085 0 0.013545 0 0 0 0 0.009806 0 0 0.013889 0 0 0 0.005328 0.012119 0.004678 0
0.008125 0 0 0.017095 0 0.005367 0.00656 0 0 0 0.001531 0 0 0 0 0 0 0
0.013028 0 0 0 0 0.003662 0 0.010441 0 0.00992 0.013171 0 0 0 0.018278 6.2e-05 0 0
0.056903 0 0 0.434849 0 0 0 0 0 0 0 0 0 0 0 0 0 0
0.01118 0.021599 0 0 0 0.002373 0.022324 0.010426 0 0 0 0 0 0 0.002293 0.000421 0 0.010765
0.009366 0 0 0 0 0.00132 0.005655 0.010821 0.005099 0.014927 0 0.01537 0 0 0 0 0 0
0.008085 0 0.012766 0 0.003769 0 0 0 0.006281 0 0.002741 0 0 0.022878 0 0 0 0
0.011212 0 0 0.029654 0 0 0.001103 0 0 0.007806 0 0 0 0 0.01344 0 0 0
0.008953 0.00044 0.002381 0 0.014951 0.009519 0 0 0 0.000192 0.000219 0.001984 0 0.00542 0 0 0 0.00669
0.009454 0.007852 0 0.008887 0 0 0.007455 0.006751 0 0 0 0.008983 0 0 0 0 0 0
0.010762 0 0 0.001438 0.004217 0.002341 0 0.005803 0.006005 0 0 0.008038 0.008831 0 0 0.013036 0 0
0.005718 0 0 0.016392 0 0.003341 0.002047 0 0 0 0 0 0 0 0.002224 0 0 0
0.008943 0 0 0 0.001964 0.012792 0 0.007051 0 0.010055 0 0.006708 0 0.01112 0 0 0 0.008724
0.012907 0 0 0 0 0.005053 0 0.01749 0.010247 0.019652 0 0 0 0 0 0 0 0
0.057193 0 0 0 0 0.448488 0 0 0 0 0 0 0 0 0 0 0 0
0.012554 0 0.001734 0 0 0 0 0 0.011231 0.005698 0 0 0.023761 0 0 0 0 0
0.01026 0 0.00597 0 0.012768 0 0.007681 0 0 0.00914 0.009954 0 0 0 0 0 0 0
0.010378 0.006312 0 0.003072 0 0 0 0.00759 0.002079 0.000633 0 0.001721 0 0.002834 0 0 0.002142 0
0.009904 0.013908 0.014368 0.002265 0 0.006871 0.001995 0 0 0 0 0 0 0 0 0 0 0
0.058229 0.003205 0 0 0.011078 0 0 0.008606 0.440996 0 0 0 0 0 0 0 0 0
0.008517 0.01236 0 0 0.001539 0 0 0 0 0.001087 0.004885 0 0 0 0 0 0.009941 0
0.008398 0.010519 0.012519 0 0 0.004781 0 0 0 0 0.001625 0 0 0.007575 0 0 0 0.045144
0.010546 0 0.012585 0 0 0 0.003123 0.002681 0 0.00321 0.004567 0.003294 0 0 0 0 0.003599 0
0.008763 0.029295 0.011639 0 0.004243 0 0 0.000231 0 0 0 0 0 0 0 0 0 0.10353
0.056041 0.008846 0 0 0.006603 0 0.012026 0.000297 0 0.008156 0.440895 0 0 0 0 0 0 0
0.0077 0 0.009568 0.001525 0.006137 0 0 0.003181 0 0 0 0 0 0 0 0 0 0
0.053785 0 0.027352 0 0.010132 0 0.000995 1e-06 0 0 0 0 0 0 0 0.430233 0 0.036892
0.012255 0.006915 0.008873 0 0 0 0 0 0 0 0.014471 0.012626 0 0.000176 0 0.000984 0 0
0.010095 0 0 0 0.007377 0 0 0.018685 0 0.012605 0.004055 0 0 0.005135 0 0 0 0
0.011526 0 0 0.025153 0.003859 0.004189 0 0 0 0 0 0 0 0 0 0 0 0
0.007969 0 0 0 0.023592 0 0.004679 0 0 0 0.001974 0 0 0 0 0 0.00187 0
0.057903 0 0.007822 0 0.008833 0.014788 0.004717 0 0 0.449307 0 0 0 0 0 0 0 0
0.010865 0.027442 0.009047 0 0 0 0.006736 0 0.01049 0 0 0 0 0 0 0 0 0.02563
0.006304 0.004431 0 0 0.002047 0.010876 0.00142 0.00338 0 0 0 0.002096 0 0 0 0 0 0
0.011813 0 0 0.004273 0 0.006208 0 0 0.001735 0 0 0.017343 0 0.000772 0 0.004416 0 0.21615
0.012263 0 0.017258 0.002641 0 0 0.020449 0 0.000273 0 0.00274 0 0 0 0 0 0 0
0.057825 0 0 0.42961 0 0 0 0 0 0 0 0 0 0 0 0 0 0
0.007999 0 0 0.002557 0.007759 0.018059 0 0.000791 0 0 0 0 0.001127 0 0 0 0 0.075149
0.006533 0.000328 0.005291 0.002858 0 0 0 0.00586 0 0 0.006564 0 0 0 1e-04 0 0 0
0.010452 0 0 0 0.005236 0 0.002041 0 0 0.008652 0.008923 0.002267 0 0.007531 0 0 0 0
0.012181 0.016561 0 0 0 0.00338 0.006589 0.004907 0 0 0 0.00545 0 0 0 0 0 0
0.006172 0.014597 0.002188 0 0 0 0.005043 0 0 0 0 0 0 0 0.005923 0 0.002663 0.036993
0.009934 0 0.014977 0.006905 0 0 0.013177 0 0 0 0 0 0 0 0.019158 0 0 0
0.01162 0.021541 0 0.01127 0 0.003512 0 0 0 0 0 0 0 0.031291 0 0 0 0
0.009774 0.009195 0 0 0 0 0 0 0.011205 0 0 0.000497 0 0.018053 0 0.013513 0 0
0.01158 0.036889 0.008921 0 0 0 0 0 0 0 0 0.00436 0 0.001666 0 0 0 0
0.007276 0 0 0.011143 0.00109 0.000679 0 0.008382 0 0 0 0.002471 0 0 0 0 0 0
0.009985 0 0.015781 0 0 0 0 0 0.000336 0 0 0 0.012128 0 0.009222 0.032943 0 0
0.008612 0.005968 0 0.003872 0 0 0 0 0.018613 0 0 0 0.006133 0 0.010055 0.006393 0 0
0.011039 0 0 0.005287 0 0 0.022091 0 0 0.014152 0 0.001438 0 0 0 0 0.010966 0
0.010597 0.012205 0.013489 0 0 0 0 2.3e-05 0.001255 0 0 0 0 0 0 0.016037 0.006524 0
0.00955 0.011651 0 0 0.004898 0 0 0.003457 0 0 0.005074 0.006086 0 0 0 0 0 0
0.007074 0 0 0.00501 0.000909 0 0.010273 0 0.000649 0 0 0 0 0.004124 0.002394 0 0.000698 0
0.012679 0.014247 0.015089 0.000492 0 0 0 0 0 0 0 0 0 0.021017 0 0 0 0
0.012381 0.00114 0 0 0.003349 2.8e-05 0.002661 0.004221 0 0.001063 0 0 0.005706 0 0.001608 0.006521 0 0.135411
0.00951 0 0 0 0 0.002718 0 0 0.001143 0.016191 0 0 0.012368 0 0 0 0 0
0.008917 0 0 0.02272 0 0.015042 0.000558 0 0 0 0 0 0 0 0 0 0 0
0.012266 0 0.003451 0 0 0.010895 0 0.009357 0 0.001999 0 0.00369 0 0.003675 0.001408 0.011966 0.000342 0
0.009491 0.010682 0 0.007482 0 0 0 0 0.001512 0 0 0 0 0 0.000398 0 0 0
0.00813 0 0.003918 0.010683 0 0 0 0 0 0.006902 0.013823 0 0 0.008363 0 0 0 0
0.009544 0 0.00664 0.004935 0.000886 0 0.016811 0 0 0 0 0.002594 0 0 0 0.002972 0.014053 0.011424
0.008931 0 0 0.022937 0 0.020699 0 0 0 0 0 0.000416 0 0 0 0 0 0
0.01129 0 0.008941 0 0 0.003259 0 0 0.007668 0.003874 0 0 0 0.008704 0 0 0 0
0.013659 0 0 0.011353 0.031921 0 0 0 0 0 0.001311 0 0 0 0.005227 0 0 0
0.010518 0.001513 0.014756 0 0 0 0.003183 0 0.014759 0 0.00341 0 0.000401 0 0.002452 0 0 0.153951
0.012103 0.008684 0 0 0.040996 0 0 0 0 0 0 0 0 0 0 0.006981 0 0
0.012308 0.0221 0 0.00932 0 0.00813 0 0.013901 0 0 0 0 0 0 0 0 0 0
0.010476 0.001135 0 0.006826 0.002993 0 0 0 0.010129 0 0.011813 0.009137 0 0.003865 0 0.001462 0 0
0.009357 0.000551 0.009057 0 0 0.00089 0 0.012912 0.001588 0 0 0.001588 0 0 0 0 0.006386 0
0.010246 0.016774 0 0 0.013989 0 0 0.001824 0.010221 0 0 0 0 0 0 0 0.002952 0
0.009986 0 0.016754 0 0 0 0 0.001784 0 0 0 0.002287 0 0.000198 0 0.009857 3e-05 0
0.008013 0.000745 0.007645 0 0 0.001646 0 0 0.003957 0.002778 0 0.009811 0 0 0 0 0 0.201963
0.013034 0.004356 0.017886 0 0.016274 0 0.007287 0 0.0123 0 0 0 0 0 0 0 0 0
0.010346 0 0 0 0 0.002449 0 0 0.006127 0.004566 0.004569 0.017519 0.017054 0 0 0 0 0
0.008021 0.023094 0.005532 0 0.004588 0 0 0 0 0 0 0 0 0 0 0 0.000632 0
0.011062 0.013755 0 0.005712 0 0 0 0 0 0 0 0.01347 0.013669 0 0 0 0 0
0.009341 0.00228 0.005652 0 0.004164 0.015642 0 0 0 0 0 0 0 0.003134 0 0.006203 0 0
0.008453 0 0 0.014004 0 0 0 0.001825 0 0 0.008055 0 0 0.013841 0.009796 0 0 0
0.006723 0 0 0.012457 0.002556 0.007005 0 0.015881 0.002356 0 0 0 0 0 0 0 0 0
0.011021 0.012502 0.006851 0.004016 0 0 0 0 0 0 0.019562 0 0 0 0 0 0 0
0.01125 0 0 0.023895 0.007363 0 0 0 0 0.00186 0 0 0 0 0 0 0 0
0.010681 0.016921 0 0 0.01714 0.007926 0 0 0 0 0 0 0.003388 0.000285 0.000788 0 0 0
0.011581 0 0.016373 0.015736 0 0.005509 0 0 0.008319 0 0 0 0 0 0.002869 0 0 0
0.008159 0 0.004753 0.004241 0 0 0 0 0 0 0 0 0 0.009676 0 0 0.001144 0
0.010723 0 0 0.004569 0 0 0 0.01757 0.003377 0 0 0.009064 0.000369 0 0 0.002772 0 0
0.007598 0.010096 0 0 0 0 0 0 0 0 0.010705 0 0 0 0.007655 0.006876 0 0
0.01035 0.004152 0.019112 0 0 0 0 0 0 0.003681 0 0 0 0.021407 0 0 0.002333 0
0.012875 0 0 0 0.003649 0.008212 0.000748 0 0 0.004911 0 0 0 0.011437 0.016185 0 0 0
0.010376 0 0.001046 0.0184 0 0 0 0.00345 0 2.1e-05 0.00505 0 0 0 0 0 0 0
0.011662 0 0 0.005907 0.020543 0 0.00013 0.012175 0.005682 0.006018 0 0 0 0 0 0 0 0
0.009955 0 0.009612 0 0.010683 0.002081 0 0.00326 0.003478 0 0 0 0 0 0 0.003601 0 0
0.009889 0.00112 0.005209 0.012949 0 0 0 0.00989 0.034574 0 0 0 0 0 0 0 0 0
0.006138 0.000981 0.000407 0 0 0.00381 0.000794 0.002196 0.001451 0.019596 0 0 0 0 0 0 0.004566 0
0.008814 0 0.008798 0.023689 0.007713 0 0 0.005833 0.00559 0 0 0 0 0 0 0 0 0
0.008358 0 0 0 0.007209 0.001682 0.00292 0 0 0.00194 0 0 0.00704 0 0 0.004875 0 0
0.005564 0 0 0 0.014377 0.000907 0.003771 0 0 0 0 0 0 0 0 0 0 0
0.009168 0 0 0 0 0.00073 0 0 0 0 0.007068 0.0159 0 0 0 0.009908 0 0
0.011652 0.025141 0.019714 0 0 0.003171 0 0 0 0 0 0 0 0 0 0 0 0.006929
0.010382 0 0 0 0.017907 0 0.008892 0 0 0.001064 0 0 0 0 0.013377 0 0 0
0.013096 0 0 0.008504 0.00229 0 0 0.01231 0 0 0.012006 0 0.001099 0.002091 0 0.004137 0 0
0.010167 0 0.014377 0.008594 0 0 0 0 0 0 0 0 0 0 0 0.008402 0.000681 0
0.007275 0 0.001996 0 0.017853 0 0 0 0.004318 0 0 0 0.008553 0 0 0.004172 0 0
0.007292 0.00994 0 0 0.010143 0 0 0.001002 0.013492 0 0 0 0 0 0 0 0 0
0.0115 0 0.003813 0 0 0.009124 0 0.019084 0 0 0 0 0.005791 0 0.011211 0.008178 0 0
0.011705 0 0 0 0 0 0 0 0 0.012334 0 0.005827 0 0 0.006575 0.021821 0.027997 0
0.010652 0 0.004069 0.008416 0 0.015201 0.011258 0 0.000977 0.000899 0 0 0 0 0 0 0 0.022134
0.012868 0.010062 0.000269 0 0 0.008385 0 0.012225 0.001228 0 0 0.006495 0 0 0 0.016136 0 0
0.008383 0 0 0.001897 0.002457 0 0 0.003093 0 0.025679 0.008997 0 0 0 0.001093 0 0 0
0.01058 0 0 0.00193 0.008399 0.005597 0.034666 0 0 0.00398 0 0 0 0 0 0 0 0
0.009627 0.003974 0.021627 0 0 0 0 0 0 0 0.003324 0 0 0 0.001349 0.004984 0 0
0.009171 0 0.00383 0.001725 0 0 0 0.011486 0 0 0 0 0.016817 0 0 0 0 0
0.012212 0.013947 0 0 0.00951 0 0 0 0 0.007585 0 0 0 0 0.003433 0 0 0
0.008111 0 0 0.012445 0.020718 0 0 0 0 0 0 0 0.004631 0 0 0 0.012328 0
0.011834 0 0.013142 0 0 0.005418 0 0.009437 0 0.003484 0 0.011857 0.002342 0 0 0 0 0
0.01164 0.002916 0 0 0 0.008219 0.006807 0 0 0 0.002275 0 0 0.014577 0.025021 0 0 0
0.01005 0.007244 0 0 0 0 0 0.006995 0.009381 0 0.009164 0 0.004119 0 0.008999 0 0 0.099104
0.006798 0 0 0 2.5e-05 0 0.020266 0.004164 0.002482 0 0 0 0 0 0.00695 0 0 0
0.007649 0 0 0 0 0.009461 0 0.010977 0 0 0 0 0 0 0.000298 0 0 0
0.01046 0 0 0.017723 0 0 0.004437 0 0 0 0.002575 0 0 0.006738 0.013022 0.000314 0 0
0.01001 0.003936 0.000686 0 0.004732 0.000873 0 0 0 0 0 0 0.004295 0 0 0.011134 0.000769 0
0.011092 0.017488 0 0.012591 0 0 0.000811 0 0.008002 0 0 0.008553 0.005173 0 0 0 0 0
0.00748 0.011886 0 0 0.001657 0 0.005689 0 0.000946 0 0.00198 0.005287 0.001452 0 0 0 0 0
0.012184 0 0 0.011108 0.001459 0.007774 0.013957 0 0 0 0 0 0 0.001384 0.010299 0 0 0.003933
0.012345 0 0 0.017392 0.003422 0 0 0 0.007415 0.016899 0.011394 0 0 0.013468 0 0 0 0
0.010602 0 0.000445 0.005703 0.009932 0 0.011403 0 0 0 0.003787 0 0 0 0 0.008949 0 0
0.011724 0.004112 0 0 0.019544 0 0 0.021643 0 0 0.005593 0 0 0 0 0 0 0.117065
0.008101 0.01388 0 0 0 0 0 0.006582 0 0.003045 0 0 0 0 0 0 0.006457 0
0.009499 0.00226 0 0 0.03129 0 0 0 0 0 0 0 0 0.021173 0 0 0 0
0.007949 0 0.00552 0 0.002713 0 0 0 0 0.008204 0.000512 0 0.000663 0 0 0 0.002922 0
0.011144 0.004015 0 0 0.008576 0 0 0 0 0.008571 0 0 0.00269 0.004192 0 0 0.006116 0
0.007092 0.004291 0.009925 0 0 0 0.004633 0 0 0 0.003063 0 0.007078 0 0.0132 0 0 0
0.010096 0.004537 0.002318 0.02534 0.008624 0 0 0 0 0 0 0 0 0 0 0 0 0
0.010317 0 0.006547 0 0 0.003743 0.002308 0 0.001084 0.007829 0 0 0.012894 0 0.0017 0 0 0
0.007498 0 0 0.003557 0.025399 0.004302 0.002091 0 0 0 0 0 0 0 0 0.003293 0 0
0.013053 0 0.011511 0.022943 0 0.028098 0 0 0 0 0 0 0 0 0 0 0 0.032731
0.011511 0 0 0.016445 0 0.012337 0 0 0 0 0 0.014938 0.004497 0 0 0 0 0
0.008115 0 0.000459 0.002815 0.002412 0.001231 0.008071 0.002292 0 0 0.000113 0 0 0 0.009489 0.000592 0 0
0.009825 0.003768 0 0.005383 0.0026 0 0 0.002539 0.011394 0 0 0 0 0 0.000985 0 0 0
0.008488 0 0.005653 0.000953 0 0.005407 0 0 0.002717 0 0 0.007923 0 0.010532 0 0 0 0.024627
0.013757 0 0 0.000162 0 0.004762 0 0 0 0.004949 0 0.030887 0 0.006827 0 0 0 0
0.010499 0 0.013756 0.007319 0 0 0 0.018583 0 0 0 0 0 0 0.006091 0.017913 0 0
0.012124 0 0.011503 0.009369 0.002452 0.001663 0 0.011496 0 0 0 0 0 0 0 0 0 0
0.009193 0.02284 0 0 0 0 0.01747 0 0 0 0 0 0 0 0 0.005456 0.002771 0
0.009581 0.005241 0 0.002745 0.01198 0 0 0 0 0 0 0 0 0.003853 0.006867 0.003847 0 0
0.004891 0 0.009535 0 0 0 0 0 0 0.006988 0 0 0.008535 0 0.000743 0 0 0
0.007684 0 0 0.018231 0 0 0.007289 0 0.005327 0 0 0 0 0 0 0 0 0
0.008902 0 0.001552 0 0.002648 0 0 0.000446 0.017603 0.006935 0.001753 0 0.000323 0 0 0 0 0
0.013662 0.000237 0 0 0 0.017563 0 4.2e-05 0.016008 0.000448 0 0 0 0 0.005012 0 0 0
0.009645 0 0 0.012864 0 0.005264 0 0 0.009008 0 0 0.011869 0 0 0 0 0 0
0.007849 0.003388 0 0.005073 0.014223 0.012305 0.004325 0 0 0 0 0 0 0 0 0 0 0.000957
0.007149 0 0.000935 0.012164 0 0 0.004639 0 0.001975 0.000364 0.014284 0.009635 0 0 0 0 0 0.013719
0.007002 0 0.005031 0.01887 0 0 0 0 0.013044 0 0 0 0 0.004186 0 0 0 0.065006
0.012158 0.002926 0.016993 0 0 0 0.00163 0 0.008662 0 0 0 0 0 0 0.002173 0 0
0.009639 0 0 0 0.017216 0.000194 0 0 0.003798 0.004772 0 0.00198 0 0 0 0 0.004917 0
0.007711 0.009775 0 0.009343 0.00278 0 0 0.010176 0 0 0.015931 0 0 0 0 0 0 0.014936
0.00782 0.006781 0.001208 0 0 0 0 0 0 0 0.004544 0.007447 0.006759 0.003478 0 0.004505 0 0
0.005419 0 0.00046 0 0.001914 0 0 0 0 0.004244 0.000328 0 0 0.005575 0 0.003288 0.001318 0
0.011011 0.008726 0 0 0.003765 0 0 0 0 0 0.011392 0 0.002286 0.009173 0 0.00448 0.00237 0.155841
0.007513 0.009529 0 0 0 0.008455 0.01889 0 0.00414 0 0 0 0 0 0 0 0 0
0.012802 0 0.007477 0 0 0.006255 0 0.006032 0 0.001201 0.009063 0.00104 0.010335 0 0 0 0 0
0.007195 0.004064 0.000236 0 0.008531 0 0 0 0 0.002762 0.010069 0 0 0 0 0 0 0
0.009566 0 0 0.00442 0.014538 0 0 0 0 0.003622 0 0 0 0 0 0 0.009895 0.004121
0.011067 0.014254 0.001011 0 0 0 0.001209 0.002625 0 0.004594 0 0 0.005841 0 0 0 0 0
0.007107 0.002107 0 0 0 0.002924 0.00109 0.009489 0 0 0 0.00132 0 0 0 0 0.006785 0.060186
0.008259 0 0 0.021847 0 0.009205 0 0 0 0 0 0.007402 0 0 0 0 0 0
0.008895 0 0 0.00377 0.017183 0.004708 0 0 0 0 0 0 0 0.017759 0 0.008363 0 0
0.008234 0.001689 0 0.005675 0 0 0.001847 0.00925 0 0.007065 0 0 0 0 0.006508 0 0 0
0.010779 0.00923 4.2e-05 0.015934 0 0.008632 0 0 0 0 0 0 0 0.005376 0 0 0 0
0.012977 0 0.006402 0.005643 0 0.019554 0 0.011126 0 0 0.00063 0 0 0.011144 0 0 0 0
0.009838 0 0.000271 0.001724 0.010903 0.000393 0.007438 0.003222 0 0 0 0 0 0 0 0.004221 0 0
0.008945 0 0.019317 0 0.005804 0 0 0 0.004637 0 0 0 0.010014 0 0 0 0 0
0.010647 0.006371 0.015656 0 0 0 0.002812 0 0 0 0 0 0 0 0 0 0.004022 0
0.011207 0 0 0.004429 0.00068 0.006812 0 0.01223 0.000363 0 0 0 0 0 0 0 0 0
0.011914 0.006475 0 0 0 0.002144 0 0 0 0 0 0.020328 0.016503 0 0 0 0 0
0.009494 0 0.011254 0 0 0.008035 0.000476 0 0 0.000278 0 0 0.006495 0 0 0.011994 0.003313 0
0.008373 0.001257 0.008139 0 0 0 0 0.001255 0 0.00424 0.001776 0.002228 0.000202 0.002215 0 0.001594 0.005677 0.133599
0.009855 0.001056 0 0 0 0 0.012902 0 0 0.003791 0.010521 0 0.01359 0 0 0 0 0
0.00684 0.006078 0.003543 0 0 0 0 0 0.002981 0 0 0 0 0.01339 0 0.009833 0 0
0.008376 0 0.008222 0.004322 0.002921 0 0 0 0.008462 0 0 0 0 0 0 0.006388 0 0
0.006839 0 0 0.008259 0 0 0.003112 0.00223 0 8.4e-05 0.002874 0 0 0 0.003582 0 0 0
0.006094 0 0.013567 0 0 0 0 0 0.004929 0 0 0 0 0 0.00418 0.002075 0 0
0.00976 0.00031 0.003154 0 0.001636 0.011645 0.015289 0 0 0.01234 0 0 0 0 0 0 0.007248 0.018744
0.011361 0.003757 0.013706 0 0 0 0 0 0.000674 0 0.009419 0.01211 0 0 0 0.000537 0 0
0.010601 0.006334 0 0.000473 0.018465 0.031181 0 0 0 0 0 0 0 0 0 0 0 0
0.009309 0 0.009022 0 0 0.010096 0 0 0 0 0 0 0 0.010202 0 0.027808 0 0
0.009216 0 0.008124 0 0 0 0 0 0 0.010797 0.000666 0 0 0.014721 0.004863 0.001521 0 0
0.008417 0.010213 0.001917 0 0 0 0 0 0 0.001813 0.007554 0 0.000875 0 0 0 0 0
0.009664 0 0.011435 0 0 0 0 0 0.005963 0.00046 0 0 0.005204 0 0 0 0 0
0.008798 0 0.013513 0.010258 0 0.004794 0.026847 0 0 0 0 0 0 0 0 0 0 0.011775
0.009402 0 0 0.007218 0.004146 0 0 0.012966 0.002143 0 0 0 0 0.001716 0 0 0 0
0.00944 0 0.000789 0.014819 0.001304 0 0 0 0 0 0 0.003755 0.012073 0 0 0.002228 0.006054 0
0.012614 0.005279 0 0 0.004692 0.009005 0.004981 0.014747 0.002 0 0 0 0 0 0 0 0 0.021064
0.012281 0 0 0 0 0.002796 0 0 0.001366 0 0.008253 0 0.012886 0 0.042111 0.000348 0 0
0.009457 0 0.003394 0 0.007642 0 0 0 0.00691 0.010257 0.015584 0 0.015227 0 0 0 0 0
0.010056 0 0 0 0.018742 0 0.001663 0.01001 0.005036 0.000411 0 0 0 0 0 0 0 0
0.010242 0.033257 0 0 0 0 0 0 0 0 0 0.008295 0 0.007901 0 0 0 0
0.009094 0.010027 0 0 0.012065 0 0 0 0.011267 0 0 0 0 0.013168 0 0 0 0
0.0065 0 0 0.017991 0 0 0 0 0 0.000907 0.000782 0 0.026471 0 0 0 0 0
0.011542 0 0.016898 0 0 0 0.004943 0 0 0.008048 0.007977 0 0 0.009256 0 0.006837 0 0
0.013311 0 0 0 0 0 0 0 0 0.002455 0.02198 0.004268 0 0.010055 0.006 0.013419 0 0
0.008148 0 0 0.021934 0 0 0.00261 0 0 0 0 0.019394 0 0 0 0 0 0
0.010245 0.026714 0.001389 0 0 0 0.006462 0 0 0.016059 0 0 0 0 0 0 0 0
0.014026 0.015481 0 0.001198 0 0 0 0.011307 0 0 0 0 0.001773 0 0.021621 0 0.003361 0
0.01025 0 0 0 0.013971 0 0.008022 0 0.003962 0 0.000126 0 0 0.004754 0.007716 0 0 0.009975
0.009755 0 0.022145 0.009276 0 0 0 0 0 0 0 0.011491 0 0.002964 0 0 0.006499 0
0.009851 0.0115 0 0.001841 0 0 0 0 0.011878 0.000848 0 0 0 0.003321 0.007518 0 0 0
0.010564 0.0134 0 0.009623 0 0.001379 0.009871 0 0 0 0.004402 0 0.004004 0 0 0 0 0.032416
0.012183 0 0 0.001159 0 0 0.002891 0.001219 0.004788 0.002634 0.003252 0.005067 0.006095 0 0 0 0 0
0.008155 0.001396 0 0.00316 0.00932 0 0 0.001138 0 0.000792 0 0.001551 0.009358 0 0 0 0 0
0.012355 0 0 0.007287 0.004622 0 0.018515 0 0 0.007338 0 0 0 0 0 0 0 0
0.008528 0.012151 0 0.012933 0 0 0.001655 0 0 0 0 0 0.004945 0 0.00595 0 0 0.011917
0.009554 0.017244 0 0 0.011456 0 0.017153 0 0 0 0.004345 0 0 0 0 0.007307 0 0.050643
0.01215 0 0 0 0 0.000341 0 0 0.003686 0.009757 0 0.002827 0 0 0.003656 0 0 0.306073
0.012872 0.003463 0.018427 0.030324 0 0 0 0 0 0 0.008706 0 0 0 0 0 0 0.025295
0.014364 0 0.021655 0.024035 0 0 0 0.000357 0 0.026466 0 0 0.004676 0 0 0 0.00996 0.004632
0.006609 0 0 0 0.009258 0.003053 0 0.012031 0 0.001729 0 0 0 0 0 0 0 0
0.00955 0 0.010329 0.012067 0 0 0 0.002808 0 0 0 0.006549 0 0 0 0.00339 0 0
0.009481 0 0 0.004253 0 0.007859 0.009406 0.004306 0 0.000269 0.011708 0.003272 0 0 0.005711 0 0 0
0.010461 0 0 0.001533 0.003012 0 0.002715 0 0.004378 0.013507 0 0 0 0 0.010217 0 0 0
0.008717 0.003449 0 0 0.001445 0.011417 0.002209 0.00519 0 0 0.002004 0 0 0 0 0.009547 0 0
0.010051 0.000505 0 0.021236 0 0.001153 0.006456 0 0 0 0 0 0 0.009314 0 0 0 0
0.010984 0 0.002041 0 0.016146 0 0 0 0.008804 0 0 0 0.004147 0 0 0.020689 0.000366 0
0.009756 0.019923 0 0 0 0 0 0 0.011259 0.002836 0 0 0.006533 0 0 0 0 0
0.007736 0 0.005319 0 0 0 0 0 0.002665 0 0 0.009642 0.005038 0 0 0.023528 0.002986 0.104189
0.008067 0.009502 0 0 0 0 0 0 0 0 0.008359 0 0 0.006506 0 0.003371 0.000351 0
0.00878 0.002271 0 0 0.012258 0 0 0.020029 0 0.007495 0 0.003863 0 0 0 0 0.007699 0
0.006866 0.014978 0 0.012711 0 0 0 0 0.012816 0 0 0 0 0 0.016467 0 0 0
0.014099 0 0 0.019721 0.01685 0 0 0 0 0 0.00411 0 0 0.002157 0 0 0 0
0.008556 0.017709 0 0 0 0 0 0.00332 0.015346 0.007739 0 0.01401 0 0 0 0 0 0
0.006057 0.011608 0 0.000862 0.006496 0 0 0 0 0 0 0 0.002454 0.004465 0 0 0 0.047802
0.011954 0.009727 0.014839 0.008114 0 0 0 0 0.011643 0 0 0 0 0 0 0 0 0.017702
0.008381 0 0.00215 0.013584 0 0.002902 0 0 0.00144 0 0 0.007771 0.006889 0.001011 0 0 0 0
0.007338 0 0 0.008494 0.006108 0.003747 0 0 0.014113 0 0 0 0 0.000179 0 0 0 0
0.008352 0.016415 0 0 0 0 0.004359 0 0.002955 0 0 0 0 0 0.006842 0 0 0
0.007709 0.005876 0 0 0 0 0 0 0.013887 0 0 0.00621 0.003487 0 0 0 0 0
0.008406 0 0 0.006369 0.003356 0.001242 0 0.012408 0 0 0 0 0 0 0 0 0.002887 0
0.013646 0.00547 0 0.011259 0 0 0 0.02802 0 0 0 0.010003 0 0 0 0 0 0.130996
0.00873 0 0 0.004693 0.001216 0 0.017283 0.001764 0 0 0 0 0 0 0.016642 0.00081 0 0.0168
0.00836 0.014854 0 0 0.002868 0 0.003923 0 0 0.00513 0.010083 0 0 0 0.003143 0 0 0.022041
0.008707 0 0 0.012687 0.013637 0 0 0 0.008544 0.002491 0 0 0 0 0 0 0 0
0.011335 0 0.007935 0.013486 0 0 0 0 0 0 0.001496 0.000364 0.030529 0 0 0 0 0
0.011382 0 0 0 0 0.005771 0 0 0.001194 0.027422 0 0.014352 0.005065 0 0 0 0 0
0.008726 0 0.01508 0 0 0.018442 0.016407 0 0 0.005899 0 0 0 0 0 0 0 0.084392
0.009928 0 0 0 0.005914 0 0 0 0 0.010903 0.016016 0.011015 0.020723 0 0 0 0 0.004205
0.008567 0 0.006942 0.009161 0 0.003209 0 0 0 0 0 0 0 0 0 0 0.005317 0
0.011788 0 0.001312 0 0 0.001319 0 0 0.00052 0.006534 0 0.016838 0.015817 0 0 0.000668 0 0.070768
0.007817 0 0 0 0 0.012207 0.002956 0 0.004861 0 0 0 0 0 0.009345 0.002228 0 0
0.00978 0 0.000665 0 0.000341 0 0.007171 0 0.025657 0.007231 0 0 0 0 0 0 0 0.037613
0.01063 0 0.01202 0.009238 0.000728 0 0 0 0 0 0.003003 0 0.008027 0 0 0.000224 0 0.161208
0.008821 0 0 0 0.003792 0.001043 0 0 0 0 0 0 0 0.015712 0.007678 0.016922 0.006194 0
0.007388 0.006411 0 0 0 0 0.009292 0 0.004952 0 0 0.003157 0 0.00088 0 0.004983 0 0
0.008126 0 0.006982 0 0 0 0.019179 0 0 0 0.003297 0.012868 0 0 0 0 0 0.020985
0.013203 0 0 0 0.007841 0 0.00727 0 0 0.010296 0.020782 0 0.009637 0 0 0 0 0
0.01094 0.001249 0 0.001584 0 0.006773 0.013545 0.003871 0.00035 0 0 0.012763 0 0 0 0.001435 0 0
0.00909 0.001295 0.015027 0 0 0.003785 0 0 0 0 0 0 0 0.006939 0 0.000227 0 0.059109
0.008869 0.015932 0 0 0 0 0.010835 0.005715 0.004605 0 0 0 0 0 0 0.003639 0 0
0.010485 0 0.001881 0.002119 0.000814 0 0.003963 0 0 0.002017 0.000391 0 0.006221 0 0.006467 0.002109 0.016722 0.032851
0.009587 0.004661 0 0 0.003932 0 0 0.009978 0 0.014594 0 0.003122 0.00054 0 0 0 0 0
0.01348 0 0 0 0.011853 0.011515 0 0 0.011858 0.008815 0 0 0.011752 0 0 0.001168 0 0
0.011898 0.001173 0.000329 5.7e-05 0.00113 0 0.003111 0 0.009028 0 0.006912 0 0 0 9e-06 0.000927 0.000278 0
0.010473 0 0 0.007014 0 0.015178 0.009971 0 0 0 0 0 0.011533 0 0.009861 0 0 0
0.009215 0 0 0.016787 0 0.006608 0 0.00411 0 0 0.005926 0 0 0 0.000391 0 0 0.009912
0.013393 0 0.005511 0 0 0 0 0 0 0.037199 0 0 0.006598 0 0 0 0 0
0.008557 0 0.01382 0.011938 0 0.006098 0 0.007725 0 0 0 0 0 0 0 0 0 0
0.007809 0.006028 0.003751 0 0 0.006517 0.013126 0 0 0 0 0 0 0 0 0 0 0.05706
0.013017 0.005197 0 0 0 0 0.000141 0.011349 0.000428 0 0.008306 0.006465 0 0 0.015458 0 0 0
0.008972 0 0 0.005948 0.011765 0 0.014378 0 0 0 0 0 0 0 0 0.000577 0 0
0.011762 0.009844 0 0 0 0.005089 0 0 0 0 0 0 0.041573 0 0.009734 0 0 0
0.008833 0.009863 0.002897 0 0.007685 0 0 0.005502 0.002244 0 0 0 0 0 0 0.016733 0 0.12395
0.010678 0 0 0.017459 0.008788 0 0 0 0.013991 0 0.005008 0 0 0 0 0 0 0
0.009829 0 0.009046 0 0 0 0 0 0.02382 0 0 0.001465 0 0.002279 0 0 0 0
0.010588 0 0 0 0.018747 0 0 0 0 0 0.016579 0 0 0 0.019142 0.023321 0 0
0.009449 0 0 0.00049 0.010375 0 0 0.002653 0 0.00786 0 0.001004 0 0.000771 0 0 0.005793 0
0.010031 0 0.015445 0.009283 0 0.017083 0 0 0.009005 0 0 0 0 0 0 0 0 0
0.008507 0 0.003174 0.011077 0.00803 0.010708 0.022687 0 0.000584 0 0 0 0 0 0 0 0 0
0.009418 0 0.006223 0.02234 0.003344 0 0 0.012119 0 0 0 0 0 0 0 0 0 0
0.012236 0 0 0 0.022871 0 0 0 0 0.011219 0 0 0 0.002366 0 0 0 0
0.011427 0 0 0.00783 0.015121 0.005303 0.000865 0 0 0 0.004316 0 0.002669 0 0 0 0 0
0.008262 0.000115 0 0.019295 0.005644 0 0.000199 0 0.010167 0 0 0 0 0 0.002446 0 0 0
0.007333 0.000264 0 0 0 0 0 0.003073 0 0.000322 0.011638 0 0 0 0.001271 0.008061 0 0.015625
0.008514 0 0 0.015604 0.017208 0 0 0 0.00023 0 0.002358 0 0 0.000555 0 0 0 0
0.009934 0 0 0.015968 0.001815 0 0.008088 0.009052 0 0.012935 0 0 0 0 0 0 0.008984 0
0.009771 0 0.012393 0 0 0.00344 0.009107 0.000526 0 0 0.003976 0 0 0 0 0.003865 0 0
0.007311 0 0.001942 0.021582 0.010005 0 0 0 0 0 0.000711 0 0 0.020174 0 0 0 0.003339
0.009351 7.5e-05 0.006233 0.001483 0.004831 0 0.010318 0.007376 0 0 0.000479 0 0 0 0 0.000189 0 0.083881
0.007674 0.001865 0.011576 0.003394 0.001685 0 0 0 0.001498 0 0 0 0 0.014819 0 0 0 0
0.008822 0 0.006574 0.018673 0.003259 0 0 0 0 0 0 0 0.005419 0.007758 0 0 0 0
0.00789 0.01401 0.005395 0.003501 0 0 0 0.003445 0.009319 0 0 0 0 0 0 0 0 0
0.009581 0 0.004307 0.001677 0.007773 0 0 0 0 0 0.013012 0 0.009304 0 0 0 0 0
0.007936 0.007176 0 0 0.006941 0 0 0.007653 0 0 0.005881 0 0.001166 0 0.006356 0.006057 0 0
0.009802 0 0.006245 0.013433 0 0.001565 0.008738 0.005004 0 0 0 0 0 0 0 0 0 0
0.012922 0.006709 0.004749 0 0.000166 0.010535 0 0.002096 0 0 0 0 0 0.000721 0 0 0.004621 0
0.008413 0 0 0 0.008494 0 0 0.01081 0 0.012436 0.001408 0 0 0 0 0 0 0
0.012438 0.002224 0.014308 0.016079 0 0 0.008024 0 0.000886 0 0 0 0.013217 0 0 0 0 0
0.008938 0.007144 0.014901 0 0.001233 0 0 0 0 0.012182 0 0 0 0 0 0 0.00186 0.133088
0.007434 0 0.015172 0.024416 0 0 0 0 0 0 0 0 0.000947 0 0 0 0 0
0.010475 0 0.012939 0 0.004352 0.004908 0.021123 0 0 0 0 0 0 0 0 0.007998 0 0
0.009613 0.00997 0.006933 0.001482 0 0 0 0 0 0.001016 0 9.5e-05 0 0.007278 0 0 0.006835 0.003058
0.00676 0 0.002713 0 0 0 0 0 0 0.008158 0.009729 0 0.003644 0.005955 0 0.003229 0 0
0.009808 0 0 0 0.029457 0 0 0.014214 0 0 0 0 0 0 0 0 0.001662 0.004598
0.010155 0.000282 0 0 0 0.006934 0 0.01811 0 0.015951 0.004078 0 0 0 0 0 0 0
0.009482 0 0.007029 0.007783 0 0.011925 0 0 0 0 0.001983 0 0 0 0 0 0 0
0.005792 0 0.007455 0 0 0 0 0 0 0 0 0 0 0.000773 0.006021 0 0.000715 0
0.010035 0.006168 0.002457 0 0 0.009583 0 0 0.008066 0.009159 0 0 0 0.005542 0 0 0 0
0.009468 0.008444 0 0 0 0 0 0 0.008739 0.016588 0.000556 0.001611 0.000433 0 0.000319 0 0 0.123242
0.01095 0.008315 0.00491 0 0 0 0.006397 0.001696 0 0.021886 0 0 0.001453 0 0 0 0 0
0.015754 0 0 0.019027 0.007321 0 0 0.000963 0 0 0.014636 0.00128 0 0 0 0.009294 0 0
0.011821 0.020408 0 0 0 0 0 0 0.000605 0 0.002907 0 0.022634 0 0.006493 0 0 0
0.010492 0.012259 0 0 0.019283 0.00205 0 0 0.005113 0 0 0 0 0 0 0 0 0.050006
0.008578 0.017859 0 0 0 0 0 0 0 0 0.015768 0.000563 0 0 0.011812 0 0 0
0.01038 0 0.01886 0 0.003652 0 0 0.011324 0 0 0 0 0 0 0 0.007347 0 0.031048
0.010782 0 0 0 0.025586 0 0 0 0.00282 0 0.007124 0.003297 0.000423 0 0 0.006902 0 0
0.010122 0.005138 0 0 0.000877 0 0.004301 0 0.020757 0 0 0.00088 0.009274 0 0 0.01024 0 9.2e-05
0.010593 0.008563 0 0 0 0 0.001494 0.006537 0 0 0.003622 0.002391 0 0 0.008469 0 0 0
0.011458 0.006184 0.014483 0 0 0.00024 0 0.001525 0 0.022646 0 0 0 0 0 0 0 0.132853
0.010873 0 0 0.018595 0 0 0 0 0.017884 0 0 0.017736 0.001618 0 0 0 0 0
0.008444 0 0.003147 0 0 0.00721 0 0 0 0.017926 0.006906 0 0.003367 0 0 0 0 0
0.008874 0 0.001858 0.0076 0 0.016531 0.020359 0 0 0 0 0 0 0 0 0 0 0
0.00776 0 0.002267 0 0 0.001771 0 0.006148 0.00898 0.004021 0 0.010232 0 0 0 0 0 0.001803
0.010229 0.012278 0 0.002373 0.003622 0.000728 0 0 0 0 0 0 0 0.011609 0.011163 0 0 0
0.012386 0.001845 0.024902 0.012577 0 0 0 0 0 0 0 0 0.014484 0 0 0 0 0.07671
0.010648 0 0.013622 0.002109 0.014416 0 0 0 0.00157 0.009629 0.001103 0 0 0 0 0 0 0
0.007582 0.001081 0 0 0.008351 0.005199 0 0 0 0 0 0 0.006882 0 0.002773 0.018431 0 0
0.011199 0 0 0 0.002608 0 0 0.005801 0.0239 0 0.005688 0 0 0 0 0 0 0
0.010275 0 0.013556 0.002803 0.003437 0.00058 0.018061 0 0 0 0.006302 0 0 0 0 0 0 0
0.011169 0 0 0.014789 0 0 0 0 0 0 0.000119 0.0283 0 0.000462 0 0 0 0
0.011544 0 0 0.017617 0.00997 0.015393 0 0 0 0 0 0 0 0.003215 0 0 0 0
0.007649 0 0.001708 0.008766 0 0.016128 0 0 0 0 0 0 0.004934 0.00037 0.001141 0 0 0
0.011942 0.004453 0.00226 0.024186 0 0 0 0 0 0 0.005549 0 0 0.008777 0.009146 0 0 0
0.01307 0 0.003127 0.007957 0 0 0 0.004471 0 0.012279 0.013663 0 0 0 0 0 0 0
0.010588 0.0138 0.003072 0 0.004032 0 0 0 0 0 0 0.007269 0.020932 0 0 0.002409 0 0
0.009154 0.001031 0 0 0 0 0.001956 0 0.013166 0.010462 0 0.002956 0 0 0.014457 0 0 0.004977
0.008171 0 0.010187 0 0 0.00327 0 0.001153 0 0.004583 0 0 0.015903 0 0 0 0 0
0.010467 0.001263 0 0 0.002684 0 0.028929 0.000408 0.001956 0.006351 0.000557 0 0 0 0 0 0 0
0.008934 0 0 0.002631 0 0 0 0.000101 0.031175 0 0 0.011835 0.002375 0 0.004349 0 0 0
0.010513 0 0.005735 0.001106 0 0.007666 0 0.009691 0 0.000752 0.004287 0 0.004671 0 0.008526 0 0 0
0.006716 0.001482 0 0.005884 0.002181 0.011355 0.001863 0 0 0 0 0 0 0 0 5.5e-05 0 0
0.009265 0.008802 0 0.000392 0 0.005259 0 0 0 0 0 0 0.008635 0 0.013455 0 0.00274 0
0.01171 0.027288 0 0 0.024012 0 0 0 0 0 0.002965 0 0 0.003558 0.000824 0 0 0
0.009652 0.008666 0 0 0 0.000164 0 0.017555 0 0 0.004147 0.003705 0 0 0 0 0 0
0.009067 0 0.007067 0 0 0 0.007079 0 0.001701 0 0 0 0.002011 0 0.001544 0.016414 0.004139 0
0.01197 0.033163 0 0 0 0 0.000388 0 0 0 0 0 0 0 0 0 0.004556 0
0.012746 0.00303 0 0 0.010732 0 0 0.00374 0 0 0 0 0 0.003558 0 0.012852 0 0.009314
0.009853 0.008003 0 0.012358 0 0 0 0 0 0 0 0.000372 0 0.003035 0 0 0 0
0.010343 0 0 0.00326 0.023095 0 0.005482 0 0 0 0 0 0.027723 0 0.009093 0 0 0
0.007857 0.005666 0 0 0.001748 0 0 0 0 0.0028 0.001438 0 0 0.013378 0 0 0.008972 0.013018
0.012518 0.007093 0 0 0 0.017219 0 0 0 0 0 0 0 0 0.01921 0.01297 0 0
0.010461 0 0.00362 0 0 0.007613 0 0 0 0.001734 0.005818 0.000274 0 0.007762 0 0 0 0
0.008679 2.2e-05 0.007798 0 0.006915 0 0 0 0 0.015093 0.009406 0 8.2e-05 0.006465 0 0 0 0
0.007547 0 0 0 0 0.013036 0.004262 0 0 0.012739 0 0.015439 0 0 0 0 0 0
0.009799 0.004349 0.005521 0.000297 0.005418 0 0 0 0.013098 0 0 0 0 0.017665 0 0 0 0.022421
0.007418 0 0.000837 0 0.00012 0 0 0 0 0.004891 0 0 0 0.018529 0 9.1e-05 0.006003 0
0.011631 0 0.002795 0.000106 0.029377 0 0 0 0 0 0 0 0.001357 0.000777 0 0 0.001757 0
0.010296 0 0 0 0.011571 0 0 0.003692 0.004135 0 0.000413 0 0.0039 0 0 0.008166 0 0.050582
0.008047 0.012476 0 0 0.002719 0 0 0.004365 0 0 0.003469 0 0.01178 0 0 0 0 0.040951
0.008795 0.010403 0 0 0 0 0.012536 0 0.005966 0 0 0 0 0 0 0 0 0
0.008018 0 0.000111 0 0 0 0.001182 0 0 0.011275 0.018987 0 0 0 0.012686 0 0 0.034708
0.010569 6e-04 0 0.009348 0 0.012287 0.009698 0 0 0 0 0 0.00374 0 0 0 0.006335 0
0.011024 0 0.011305 0 0.001132 0 0 0 0 0.006541 0 0 0 0.015533 0 0.003002 0.01815 0
0.009854 0 0.00173 0.009619 0 0.025524 0 0 0 0 0.007859 0 0 0 0 0 0 0
0.00811 0 0.004589 0.005613 0 0.006347 0 0.007403 0 0 0 0.003534 0 0.009532 0 0.000297 0 0
0.012425 0 0 0.017928 0 0 0 0 0 0 0 0 0.013808 0 0.00313 0.00012 0 0.043958
