1.513245 0 0 0 0.421929 0.24423
1.506204 0 0 0 0.43737 0.07008
1.507568 0 0 0 0.435324 0.168326
1.51645 0 0 0 0.420572 0
1.504167 0 0 0 0.430384 0.317651
1.507669 0 0 0 0.41269 0
1.507008 0 0 0.05731 0.418472 0
1.510931 0 0 0.093602 0.421153 0.123026
1.508365 0 0 0 0.412259 0
1.5102 0 0 0.001718 0.415834 0
1.513527 0 0 0 0.416629 0.079839
1.512559 0 0 0.01344 0.416627 0.093833
1.503561 0 0 0 0.441886 0
1.511199 0 0 0 0.419071 0.066881
1.511166 0 0 0 0.427995 0
1.512084 0 0 0 0.425026 0.172233
1.506935 0 0 0 0.432606 0.08929
1.508229 0 0 0 0.452644 0
1.509608 0 0 0 0.447247 0.314137
1.506234 0 0 0 0.445307 0.188607
1.509233 0 0 0 0.43511 0
1.512285 0 0 0 0.430081 0.260467
1.510416 0 0 0 0.428462 0.183295
1.513352 0 0 0.031766 0.418157 0
1.514469 0 0 0.014589 0.417382 0
1.505778 0 0 0 0.404739 0
1.507006 0 0 0.040853 0.425451 0
1.509676 0 0 0 0.421054 0
1.505961 0 0 0 0.441202 0
1.50399 0 0 0 0.427513 0.026188
1.505416 0 0 0 0.434515 0.065651
1.51061 0 0 0 0.44576 0
1.505781 0 0 0 0.447911 0.233389
1.509008 0 0 0.074598 0.417661 0.307292
1.506546 0 0 0 0.429405 0
1.514666 0 0 0 0.413767 0
1.513213 0 0 0 0.435195 0
1.508574 0 0 0.001102 0.427802 0
1.513886 0 0 0 0.425224 0.196555
1.505912 0 0 0 0.426323 0
1.500544 0 0 0 0.428024 0.158045
1.51483 0 0 0.009413 0.405493 0.285078
1.509378 0 0 0 0.427037 0
1.504975 0 0 0 0.447788 0.147536
1.505363 0 0 0 0.429134 0.03426
1.512163 0 0 0 0.428764 0
1.509815 0 0 0 0.420773 0.126307
1.507209 0 0 0.005113 0.436339 0.052472
1.509598 0 0 0 0.420264 0
1.507319 0 0 0 0.436691 0
1.510752 0 0 0 0.428271 0.000781
1.50445 0 0 0 0.439237 0
1.515515 0 0 0 0.423454 0.191458
1.521955 0 0 0.04265 0.418041 0
1.513055 0 0 0.02503 0.415191 0.215276
1.503213 0 0 0 0.437544 0.000807
1.511566 0 0 0 0.426176 0.189624
1.512221 0 0 0 0.417057 0.085917
1.516246 0 0 0 0.423785 0.230892
1.511581 0 0 0 0.448153 0.096027
1.509721 0 0 0.038321 0.426528 0.192978
1.505891 0 0 0 0.419509 0
1.511569 0 0 0 0.421322 0.202092
1.511189 0 0 0.0185 0.423834 0
1.512117 0 0 0 0.43318 0.124269
1.505065 0 0 0.049959 0.447065 0
1.50614 0 0 0.002839 0.419269 0
1.504672 0 0 0 0.441118 0
1.509199 0 0 0 0.447962 0.203443
1.502734 0 0 0 0.430758 0.315741
1.510889 0 0 0 0.440102 0
1.512326 0 0 0.023883 0.412567 0
1.506852 0 0 0 0.44234 0.2424
1.516703 0 0 0 0.421144 0
1.509889 0 0 0 0.429639 0.406737
1.508296 0 0 0 0.43611 0.027601
1.514325 0 0 0.01975 0.438286 0.448493
1.505865 0 0 0 0.431934 0
1.512366 0 0 0 0.428385 0.29237
1.501338 0 0 0 0.439663 0.097634
1.515653 0 0 0 0.428626 0.452034
1.509165 0 0 0 0.426969 0
1.505863 0 0 0 0.429909 0
1.507142 0 0 0 0.414264 0
1.508904 0 0 0.018028 0.433952 0
1.510647 0 0 0 0.414798 0
1.509311 0 0 0 0.43203 0.381194
1.511506 0 0 0 0.409503 0
1.514675 0 0 0 0.425748 0.018809
1.510406 0 0 0 0.411933 0
1.510469 0 0 0 0.426579 0.159463
1.514987 0 0 0 0.428271 0.060114
1.504963 0 0 0 0.426643 0
1.505539 0 0 0 0.419825 0
1.505975 0 0 0 0.430273 0.014665
1.514826 0 0 0 0.439289 0.379155
1.505392 0 0 0.012177 0.436208 0.020002
1.516308 0 0 0 0.422687 0
1.512944 0 0 0 0.430829 0
1.508868 0 0 0 0.431438 0
1.504551 0 0 0 0.445668 0.335025
1.506098 0 0 0 0.42421 0.000273
1.50795 0 0 0.047568 0.424135 0
1.508933 0 0 0.041971 0.431248 0
1.509736 0 0 0 0.42051 0
1.50505 0 0 0 0.431738 0
1.511425 0 0 0 0.436135 0
1.511398 0 0 0 0.434854 0.076146
1.507578 0 0 0 0.427667 0
1.507828 0 0 0 0.441447 0
1.510634 0 0 0 0.424235 0.01669
1.506833 0 0 0 0.439732 0.068606
1.508201 0 0 0 0.421647 0.199641
1.510281 0 0 0 0.433249 0.087374
1.504356 0 0 0 0.431887 0
1.512515 0 0 0 0.41727 0.090416
1.50766 0 0 0 0.436894 0
1.512427 0 0 0 0.41104 0.055184
1.508727 0 0 0.073335 0.41325 0
1.513312 0 0 0 0.421331 0
1.509897 0 0 0 0.416563 0
1.506828 0 0 0.02914 0.449084 0.354276
1.514878 0 0 0 0.439769 0.31223
1.51019 0 0 0 0.448879 0
1.506208 0 0 0 0.432333 0
1.510044 0 0 0.04221 0.436081 0.16403
1.512284 0 0 0 0.442976 0.053202
1.513866 0 0 0 0.427003 0
1.50667 0 0 0 0.432485 0
1.514036 0 0 0 0.421413 0.060955
1.507538 0 0 0 0.439559 0
1.510182 0 0 0 0.432956 0.02616
1.515666 0 0 0 0.425205 0.299285
1.506822 0 0 0 0.429118 0
1.510847 0 0 0.006145 0.435139 0.077069
1.508493 0 0 0 0.431954 0
1.505769 0 0 0 0.420038 0
1.511113 0 0 0 0.42536 0.267074
1.513283 0 0 0 0.430291 0
1.510694 0 0 0.034202 0.42474 0.136124
1.509876 0 0 0 0.440419 0
1.510384 0 0 0 0.419124 0
1.50467 0 0 0 0.430039 0.104506
1.50833 0 0 0 0.433649 0.2234
1.508946 0 0 0 0.450551 0.224308
1.506866 0 0 0 0.437702 0
1.508186 0 0 0 0.424657 0
1.510023 0 0 0 0.419357 0
1.511749 0 0 0 0.426302 0
1.514536 0 0 0 0.414773 0.235401
1.511172 0 0 0 0.423395 0
1.501075 0 0 0 0.412884 0
1.510366 0 0 0 0.42144 0
1.507208 0 0 0 0.434702 0
1.512421 0 0 0.008307 0.424344 0.285648
1.508888 0 0 0 0.426798 0
1.511126 0 0 0.015741 0.437612 0.210727
1.515955 0 0 0.021411 0.431975 0.050653
1.511947 0 0 0 0.421345 0.149047
1.511742 0 0 0 0.432648 0.065593
1.507808 0 0 0 0.406598 0
1.508518 0 0 0 0.432577 0
1.509053 0 0 0 0.41582 0
1.505037 0 0 0 0.43645 0.250853
1.510159 0 0 0.035914 0.427819 0
1.506528 0 0 0 0.422668 0.201495
1.513394 0 0 0 0.422926 0.017933
1.507126 0 0 0 0.440623 0.226671
1.508994 0 0 0.001432 0.418864 0
1.508171 0 0 0 0.435888 0
1.507897 0 0 0 0.427173 0.057862
1.516251 0 0 0 0.421655 0
1.508326 0 0 0.042684 0.415601 0
1.505118 0 0 0 0.428394 0
1.509262 0 0 0 0.417613 0
1.502554 0 0 0 0.437593 0
1.509135 0 0 0 0.43207 0
1.509716 0 0 0 0.421179 0.009164
1.507184 0 0 0 0.435807 0.150204
1.512579 0 0 0 0.429289 0
1.512947 0 0 0 0.441256 0
1.50391 0 0 0.001776 0.427375 0.031978
1.501826 0 0 0 0.4248 0
1.508996 0 0 0.034106 0.434523 0.033157
1.505752 0 0 0 0.436574 0.114401
1.511958 0 0 0 0.424126 0
1.50862 0 0 0.012264 0.423886 0
1.506333 0 0 0 0.428409 0.180005
1.503442 0 0 0 0.424629 0
1.509838 0 0 0.003075 0.421687 0
1.510273 0 0 0 0.439847 0
1.504279 0 0 0 0.428854 0
1.516151 0 0 0 0.420433 0
1.502784 0 0 0.010566 0.422732 0
1.512565 0 0 0.011897 0.414921 0
1.516301 0 0 0 0.418774 0
1.506568 0 0 0 0.424224 0
1.514786 0 0 0 0.42525 0.273766
1.510319 0 0 0 0.419388 0
1.513175 0 0 0 0.439545 0.193858
1.50596 0 0 0 0.412282 0
1.512368 0 0 0.058748 0.414582 0
1.513368 0 0 0 0.418594 0.088272
1.508478 0 0 0 0.420434 0
1.508338 0 0 0 0.436294 0.013231
1.510449 0 0 0 0.440554 0
1.510539 0 0 0 0.4223 0
1.508079 0 0 0 0.438292 0.387698
1.504079 0 0 0 0.431316 0
1.507833 0 0 0 0.42024 0.032143
1.506534 0 0 0 0.429725 0
1.511915 0 0 0.034214 0.428415 0
1.51117 0 0 0 0.443761 0.366863
1.515127 0 0 0 0.426954 0.063252
1.511062 0 0 0 0.42088 0.22896
1.503296 0 0 0.002673 0.431214 0
1.510175 0 0 0 0.425752 0
1.514717 0 0 0 0.41666 0.01806
1.506664 0 0 0.070349 0.414328 0.276269
1.507762 0 0 0 0.428489 0
1.504203 0 0 0 0.435193 0
1.50531 0 0 0 0.423304 0
1.512611 0 0 0 0.433708 0
1.510428 0 0 0 0.436442 0
1.512802 0 0 0 0.428078 0.045662
1.504514 0 0 0 0.439697 0.091985
1.507759 0 0 0 0.434023 0.036605
1.507336 0 0 0 0.430955 0.425213
1.509138 0 0 0 0.433865 0.33222
1.505909 0 0 0 0.435695 0.358878
1.507412 0 0 0 0.433973 0.097229
1.505248 0 0 0 0.42311 0
1.510032 0 0 0 0.413823 0
1.509357 0 0 0 0.431823 0.028026
1.510366 0 0 0 0.414454 0
1.513537 0 0 0 0.423904 0
1.511451 0 0 0 0.430093 0.041166
1.516207 0 0 0 0.431216 0.08571
1.511927 0 0 0 0.411707 0.168529
1.499334 0 0 0 0.427095 0
1.507323 0 0 0 0.430149 0
1.508704 0 0 0 0.421547 0
1.511447 0 0 0 0.423565 0.171912
1.50718 0 0 0 0.434048 0.106219
1.509118 0 0 0 0.43386 0
1.51259 0 0 0 0.429492 0
1.512968 0 0 0 0.425334 0.259211
1.505279 0 0 0 0.43231 0
1.515594 0 0 0 0.429937 0.186049
1.513344 0 0 0 0.437362 0
1.506988 0 0 0 0.43197 0
1.514129 0 0 0.006431 0.437902 0.226209
1.512692 0 0 0.04377 0.417711 0.056637
1.513754 0 0 0 0.42367 0.220984
1.510971 0 0 0 0.438743 0
1.512305 0 0 0 0.426031 0
1.508761 0 0 0 0.434393 0
1.510869 0 0 0 0.426977 0.120701
1.512775 0 0 0 0.439888 0.229155
1.511629 0 0 0 0.420902 0.396216
1.510435 0 0 0 0.43227 0.388708
1.506147 0 0 0 0.453914 0
1.509908 0 0 0.002756 0.431599 0.127038
1.509391 0 0 0.004242 0.430757 0
1.518437 0 0 0.031957 0.418301 0.226702
1.514752 0 0 0 0.414664 0
1.510475 0 0 0 0.406904 0
1.512428 0 0 0 0.425897 0
1.509397 0 0 0 0.435944 0.170409
1.511938 0 0 0 0.427402 0.219346
1.505742 0 0 0.021655 0.434417 0
1.513253 0 0 0 0.431511 0.269475
1.514319 0 0 0 0.420074 0.021732
1.513493 0 0 0 0.435756 0.193328
1.500511 0 0 0 0.436903 0
1.504919 0 0 0 0.425597 0.069078
1.503631 0 0 0 0.43273 0.046733
1.508973 0 0 0 0.436918 0
1.50754 0 0 0 0.413239 0
1.508571 0 0 0 0.444649 0
1.5077 0 0 0 0.441349 0.071435
1.512982 0 0 0.013076 0.417131 0.035073
1.503595 0 0 0 0.433899 0
1.513229 0 0 0 0.435284 0
1.5048 0 0 0 0.432203 0
1.505807 0 0 0 0.437794 0
1.504008 0 0 0 0.438377 0.223718
1.511941 0 0 0 0.428265 0
1.511724 0 0 0.074495 0.40926 0
1.513865 0 0 0 0.407519 0.130083
1.505449 0 0 0 0.434064 0.041085
1.512536 0 0 0 0.430574 0.21847
1.5086 0 0 0 0.425395 0
1.502426 0 0 0 0.432103 0
1.509568 0 0 0.043361 0.431905 0.089168
1.50972 0 0 0 0.434415 0
1.513236 0 0 0 0.434576 0
1.5065 0 0 0 0.423621 0.011768
1.510814 0 0 0 0.435957 0
1.501543 0 0 0 0.437835 0
1.491414 0.699552 0 0 0 0.14061
1.492618 0.697034 0 0.05382 0 0
1.485295 0.673967 0 0 0 0
1.489479 0.676075 0 0 0 0.484189
1.491368 0.664825 0 0.048306 0 0
1.490997 0.705515 0 0.023856 0 0.179437
1.496745 0.656462 0 0 0 0.111647
1.495677 0.697252 0 0.019888 0 0.10334
1.490206 0.658621 0 0.011973 0 0.220259
1.493718 0.701846 0 0.079465 0 0.332033
1.483974 0.679751 0 0.009657 0 0
1.483225 0.674405 0 0 0 0.072074
1.496665 0.671613 0 0.026936 0 0
1.484747 0.666309 0 0.048115 0 0
1.487084 0.706657 0 0 0 0.186866
1.492194 0.656873 0 0 0 0
1.491622 0.686856 0 0 0 0.102928
1.493021 0.658124 0 0 0 0.053917
1.485857 0.675683 0 0 0 0
1.488914 0.671752 0 0 0 0
1.493015 0.677693 0 0 0 0.279167
1.495387 0.715984 0 0.053154 0 0.197239
1.493052 0.673098 0 0 0 0
1.491816 0.679907 0 0.018505 0 0
1.488142 0.662059 0 0 0 0.135948
1.489943 0.711258 0 0.017315 0 0.280694
1.492013 0.699519 0 0 0 0
1.489672 0.652342 0 0 0 0
1.491559 0.661499 0 0 0 0
1.493105 0.689659 0 0.053218 0 0
1.486622 0.694691 0 0 0 0
1.490611 0.694088 0 0.04588 0 0
1.490538 0.664592 0 0.000976 0 0.219967
1.493233 0.688641 0 0 0 0.027202
1.49747 0.684263 0 0.020574 0 0.03444
1.494027 0.676467 0 0.062654 0 0
1.492751 0.67082 0 0.008202 0 0
1.491239 0.681254 0 0 0 0.243067
1.488037 0.643057 0 0.042847 0 0
1.489638 0.681315 0 0 0 0
1.490099 0.67114 0 0.015657 0 0
1.489304 0.665322 0 0 0 0.185389
1.490257 0.660788 0 0.051791 0 0
1.487219 0.699422 0 0 0 0
1.497241 0.691788 0 0.052589 0 0
1.489046 0.678661 0 0 0 0.264416
1.487281 0.675776 0 0.008433 0 0
1.484864 0.678609 0 0 0 0
1.490856 0.707657 0 0.02013 0 0
1.484579 0.667168 0 0 0 0
1.486371 0.662965 0 0 0 0.223547
1.492964 0.706518 0 0 0 0.058793
1.495119 0.680063 0 0.043531 0 0.063699
1.489421 0.679602 0 0.099415 0 0
1.492905 0.66504 0 0 0 0
1.490131 0.666097 0 0 0 0.014263
1.488565 0.676914 0 0.003265 0 0.018727
1.501285 0.690949 0 0 0 0
1.497446 0.675675 0 0.032018 0 0
1.496547 0.677084 0 0.017371 0 0
1.490049 0.68441 0 0 0 0.214967
1.491997 0.666403 0 0 0 0
1.488886 0.674464 0 0 0 0.156417
1.494405 0.658076 0 0.019635 0 0.278976
1.49606 0.702626 0 0 0 0
1.492554 0.698491 0 0 0 0.234959
1.48612 0.671927 0 0 0 0
1.484945 0.678207 0 0.000295 0 0
1.491014 0.665772 0 0 0 0
1.494531 0.663113 0 0 0 0
1.490876 0.690863 0 0.001428 0 0.111294
1.489914 0.669342 0 0.010283 0 0
1.492376 0.668437 0 0 0 0
1.48896 0.694317 0 0 0 0
1.493351 0.691391 0 0 0 0
1.489765 0.677273 0 0.022461 0 0.127304
1.489732 0.685293 0 0 0 0.178968
1.493124 0.664675 0 0.051675 0 0.080859
1.487088 0.682769 0 0 0 0
1.496642 0.664844 0 0.007654 0 0.162683
1.488531 0.66553 0 0 0 0
1.494638 0.671715 0 0 0 0
1.490421 0.69535 0 0.031737 0 0.132363
1.4979 0.714881 0 0 0 0
1.491539 0.665042 0 0 0 0.007342
1.483755 0.69204 0 0 0 0.114304
1.496624 0.651519 0 0 0 0
1.491026 0.682551 0 0 0 0.252387
1.491787 0.672223 0 0.026595 0 0
1.4884 0.673914 0 0 0 0
1.49176 0.676424 0 0.044148 0 0.008972
1.485603 0.674298 0 0 0 0
1.493872 0.692481 0 0.062292 0 0
1.48633 0.712888 0 0 0 0.172326
1.49405 0.648592 0 0 0 0
1.491415 0.68974 0 0 0 0.082784
1.490677 0.683324 0 0 0 0
1.489174 0.689862 0 0 0 0
1.489427 0.693755 0 0 0 0.15305
1.492009 0.68952 0 0 0 0.408633
1.487816 0.692107 0 0.004761 0 0
1.498705 0.701208 0 0 0 0.259696
1.497158 0.682177 0 0.030406 0 0
1.493185 0.700176 0 0 0 0
1.489512 0.670345 0 0 0 0
1.490575 0.67185 0 0.03123 0 0.048359
1.488872 0.674849 0 0 0 0.091032
1.491359 0.687443 0 0.010388 0 0
1.492864 0.691551 0 0 0 0.05257
1.492316 0.693231 0 0.003345 0 0
1.499149 0.700863 0 0.002706 0 0.281077
1.486488 0.697271 0 0 0 0
1.489805 0.67537 0 0 0 0
1.490708 0.671892 0 0 0 0
1.493923 0.694653 0 0 0 0.046893
1.495706 0.673144 0 0 0 0.482423
1.485487 0.690672 0 0 0 0.095518
1.492862 0.694719 0 0 0 0
1.493684 0.675066 0 0 0 0.342513
1.491486 0.679991 0 0 0 0
1.492985 0.665359 0 0.04043 0 0
1.488568 0.687651 0 0 0 0.134888
1.491575 0.691154 0 0.07007 0 0
1.498505 0.695136 0 0.010925 0 0
1.484665 0.697058 0 0.002886 0 0
1.494006 0.677161 0 0 0 0
1.493727 0.676985 0 0.04333 0 0.04211
1.495637 0.695974 0 0 0 0.011268
1.487849 0.676931 0 0 0 0
1.487445 0.670829 0 0 0 0.020732
1.487338 0.686463 0 0.035402 0 0.292964
1.489715 0.668845 0 0.068061 0 0.014254
1.494448 0.68401 0 0 0 0
1.495393 0.697076 0 0 0 0
1.491114 0.668599 0 0 0 0
1.494657 0.670281 0 0 0 0
1.489899 0.692865 0 0.035551 0 0.042715
1.492465 0.66823 0 0.08422 0 0.184485
1.48618 0.696936 0 0 0 0
1.491292 0.687962 0 0 0 0.224345
1.488121 0.668218 0 0.060169 0 0
1.497664 0.647406 0 0.066973 0 0.269526
1.495162 0.66209 0 0 0 0.167616
1.485304 0.706561 0 0.040701 0 0
1.491807 0.677928 0 0.001252 0 0
1.490913 0.664858 0 0.053243 0 0
1.490939 0.652774 0 0 0 0
1.494808 0.649928 0 0.019804 0 0
1.493664 0.674001 0 0 0 0
1.493391 0.683267 0 0 0 0
1.501193 0 1.149584 0 0 0.135048
1.500764 0 1.141139 0 0 0.232006
1.508628 0 1.166377 0 0 0.139069
1.502277 0 1.123103 0.072969 0 0.006674
1.510321 0 1.138844 0 0 0.11112
1.502866 0 1.154327 0 0 0
1.501764 0 1.139787 0 0 0
1.495411 0 1.143376 0.039627 0 0
1.503382 0 1.146132 0 0 0.094103
1.504229 0 1.180116 0 0 0
1.50486 0 1.151897 0.019342 0 0.137896
1.503555 0 1.160728 0.020647 0 0
1.508908 0 1.160491 0 0 0.176491
1.505772 0 1.12997 0 0 0
1.505345 0 1.117845 0 0 0
1.503944 0 1.148334 0 0 0.100498
1.502809 0 1.176751 0 0 0.159842
1.506305 0 1.118908 0 0 0
1.509014 0 1.148966 0 0 0
1.503356 0 1.165031 0 0 0
1.510756 0 1.15899 0.01383 0 0.071399
1.504349 0 1.146868 0.018371 0 0.073892
1.508769 0 1.182611 0 0 0
1.505217 0 1.147836 0 0 0
1.50567 0 1.143779 0 0 0
1.499113 0 1.144124 0.05606 0 0.180908
1.504362 0 1.127975 0 0 0.195939
1.502195 0 1.13935 0 0 0
1.503126 0 1.147485 0 0 0
1.502172 0 1.155681 0 0 0
1.503213 0 1.146446 0 0 0
1.505038 0 1.155707 0 0 0
1.50611 0 1.192052 0.004241 0 0
1.503599 0 1.146855 0.016404 0 0
1.502296 0 1.135822 0 0 0.012079
1.504565 0 1.163649 0 0 0
1.506937 0 1.134427 0.020195 0 0.114228
1.511554 0 1.162402 0 0 0
1.495497 0 1.171462 0 0 0.183757
1.507635 0 1.147869 0 0 0
1.523781 0 0 1.661623 0 0
1.520732 0 0 1.635158 0 0.098518
1.518605 0 0 1.633396 0 0
1.520986 0 0 1.616422 0 0
1.521424 0 0 1.625138 0 0
1.52384 0 0 1.573687 0 0.293312
1.524068 0 0 1.670786 0 0
1.521708 0 0 1.676528 0 0
1.51769 0 0 1.611898 0 0.085522
1.519598 0 0 1.589886 0 0.087741
