0.06796 0 0 0 0.123764 0
1.926446 0 0 0 2.717204 0
0.152138 0 0 0 0.35235 0
5.333838 0.03211 0 0 0.000959 0
1.23724 0 0 0 0.247937 0
0.079578 0 0 0 0.160245 0.021183
2.223726 0 0 0 1.234945 0
2.810856 0 0 0 0.755804 0
1.97728 0 0 0 0.089557 0
0.133597 0 0 0 0.031253 0
5.266151 0 0 0 0.487779 0
1.52648 0 0 0 0.400184 0
0.051247 0 0 0 0.061156 0
4.528002 0 0 0 1.760499 0
0.32633 0 0 0 0.100677 0
0.42747 0 0 0.04563 0.118714 0
5.750385 0 0 0 5.968471 0
3.822936 0 0 0 2.48437 0
2.049305 0 0 0 0.151819 0
3.531394 2.515541 0 0 0 0
2.710149 0.602384 0 0 0 0
0.942661 2.195331 0 0 0 0
2.222689 0.819216 0 0 0 0
0.33629 0.080374 0 0.170015 0 0
0.379045 0.983849 0 0 0 0
0.055401 0.049759 0.03322 0.07535 0 0
2.224825 4.28744 0 0 0 0
4.827534 1.709918 0 0 0 0
0.361265 0.55872 0 0 0 0
1.730714 2.088639 0 0 0 0
1.038492 3.947103 0 0 0 0
0.001832 0.009523 0 0 0 0
0.061266 0.040681 0 0 0 0
0.130193 0.388332 0 0 0 0
0.406034 0.771909 0 0 0 0
3.820125 0.90069 0 0 0 0
3.212528 3.579817 0 0 0 0
0.355925 0 2.532104 0 0 0
0.146105 0 0.26251 0.062077 0 0
2.353308 0 0.362032 0 0 0
2.057429 0 2.757183 0 0 0
0.134548 0 1.78197 0 0 0
0.05258 0 0.595642 0 0 0
1.335057 0 1.126693 0 0 0
2.760651 0 2.924916 0 0 0
0.27114 0 0.627198 0 0 0
2.945066 0.037882 0.08744 0 0 0
1.375422 0.042943 0.084778 0.049774 0 0.074508
0.0444 0 0.30783 0 0 0
1.297451 0 1.517005 0 0 0
0.007373 0 0.066302 0 0 0
4.917564 0 2.306854 0 0 0
6.741376 0 2.359494 0 0 0
0.085683 0.031131 0.003781 0 0 0
0.039527 0 0.55096 0 0 0
2.138743 0 3.360925 0 0 0
0.222194 0 0.131037 0 0 0
8.05472 0 0 3.005472 0 0
0.356139 0 0 0.654193 0 0
2.356672 0 0 2.100426 0 0
0.407658 0 0.023874 0.397174 0 0
0.023617 0 0 0.631551 0 0
0.786127 0 0 1.528494 0 0
0.000913 0.004708 0 0 0 0
4.924983 0 0 2.248055 0 0
0.712694 0 0.005704 0.738739 0 0
7.23525 0.108343 0 0.444155 0 0
1.644986 0.015465 0 0.852664 0 0
0.019908 0.00418 0.00465 0.025978 0 0.005217
2.048949 0 0 0.214553 0 0
0.004603 0.003357 0 0 0 0
0.000919 0 0.013778 0.000243 0 0.005017
1.090325 0 0 1.557886 0 0
0.057985 0.005371 0.0473 0 0 0
0.403467 0 0 0.700742 0 0
0.539419 0 0 0.546255 0 0
0.020834 0 0.017668 0.02326 0 0.031292
0.030181 0.013722 0 0 0.002381 0.118961
0.217749 0 0 0.053792 0.026295 0
3.918749 0.073488 0.009902 0 0 0
1.993297 0.085367 0.023016 0 0 0
1.157283 0.010116 0.015864 0 0 0
3.537763 0.073436 0 0 0 0
0.102884 0.092394 0.010384 0 0 0
1.274453 0.05035 0 0.007948 0 0
0.985855 0.135679 0.111105 0.05191 0 0
0.026418 0 0.019779 0.017499 0.025471 0
4.017669 0.072527 0.003584 0 0 0
3.860958 0.08356 0 0 0 0
2.334733 0.042139 0 0 0 0
5.275473 0.096065 0 0 0 0
1.885879 0.022744 0 0 0 0
0.000925 0 0 0 0.002439 0
0.028205 0 0 0 0.016536 0.07419
0.037533 0.000475 0 0.008218 0.001007 0
0.026389 0 0 0.064178 0.006173 0
0.725846 0 0 0.129267 0.039505 0.789975
0.007379 0 0 0 0.011847 0
5.303346 0.097577 0 0 0 0
1.153439 0 0 0 0.011341 0.231723
0.007378 0 0.005276 0.03276 0 0
1.644419 0.039439 0.050042 0.025636 0 0
2.457986 0.034977 0.019305 0 0 0
1.940347 0.024579 0 0.026113 0 0
0.093917 0.055307 0.037147 0 0 0
5.02528 0.093844 0 0 0 0
1.343678 0.033665 0 0 0 0
0.018974 0.010328 0.005468 0.02615 0 0
3.739336 0.060928 0.014899 0 0 0
0.282075 0.030212 0.060465 0.019931 0 0
0.361809 0.04919 0 0.145395 0 0
3.138822 0.059202 0.018808 0 0 0
2.728172 0.053076 0 0 0 0
1.999974 0.051668 0.021313 0 0 0
3.05851 0.04108 0.009175 0 0 0
2.606092 0.062341 0 0 0 0
0.493894 0 0 0 0.067905 1.557676
2.067351 0.054609 0 0 0 0
0.305646 0 0 0.048862 0.037521 0
0.203226 0 0 0 0.059808 0.059969
0.028151 0.016835 0 0 0 0
1.423712 0.046592 0.052868 0 0 0
4.517878 0.083739 0 0 0 0
0.256092 0 0.059118 0 0 0
1.335893 0 0.02868 0 0.004613 0
0.282254 0.073035 0 0.004075 0 0
0.044925 0.00761 0.025019 0 0 0
0.059701 0 0 0.143107 0 0.001204
0.294459 0 0 0.066753 0 0.728072
3.655922 0.066168 0.014439 0 0 0
2.541294 0.047694 0 0 0 0
0.173037 0.065115 0.023219 0 0 0
0.122933 0 0 0.090221 0.060593 0
2.325461 0.050373 0.000523 0 0 0
1.872591 0.057385 0 0 0 0
0.01661 0 0.02297 0 0.006362 0.000668
0.012938 0 0 0.032464 0.008094 0.052886
1.267439 0.031246 0 0 0 0
2.566915 0.042788 0.020317 0 0 0
0.254899 0 0 0 0.044493 0
2.932765 0.054155 0 0.003646 0 0
1.355382 0 0.003542 0 0.013142 0
0.028181 0.011658 0 0 0 0.012553
1.20007 0 0 0 0.035954 0
0.002754 0.007824 0 0 0 0.018668
4.764721 0.087632 0 0 0 0
6.584694 0.121901 0 0 0 0
0.055834 0.007466 0.032942 0 0 0
0.003688 0 0 0 0.003212 0
1.917522 0.019898 0 0.040291 0 0
0.203202 0.050427 0 0.175506 0 0
7.984706 0.147679 0 0 0 0
0.335245 0 0.043411 0.035713 0.017026 0.214506
2.301931 0.063291 0.016405 0 0 0
0.447249 0 0 0 0.043797 1.308172
0.013473 0 0 0.055979 0.000288 0.008426
0.766908 0 0.081576 0 0.017978 0
4.872349 0.08865 0 0 0 0
0.708311 0.08436 0 0 0 1.116397
7.223409 0.134422 0 0 0 0
1.6078 0.072832 0 0.010707 0 0
0.012883 0.012403 0 0 0 0
2.043822 0 0 0.014585 0 0
0.00368 0.005535 0 0 0 0
1.06843 0.076977 0 0.093084 0 0
0.056895 0.018623 0.016093 0.031227 0 0.047896
0.387514 0 0.037008 0 0.042616 0
0.500557 0 0.014972 0 0.069739 1.305051
0.020817 0.002358 0 0 0.005689 0
0.030601 0 0 0.014575 0.005551 0
0.20589 0 0.021589 0.094425 0 0
3.919833 0.06809 0.00383 0 0 0
1.990795 0.060378 0.040074 0 0 0
1.189656 0.051891 0.026427 0 0 0
3.530285 0.071542 0.010283 0 0 0
0.102136 0 0.07958 0 0 0.017326
1.288045 0 0 0 0.012992 0
0.978399 0 0 0 0.080379 0
0.025419 0.012221 0 0.023605 0 0.081528
4.017695 0.073284 0 0 0 0
3.858842 0.074243 0.001215 0 0 0
2.344268 0.035472 0.003466 0 0 0
5.275589 0.09996 0 0 0 0
1.864464 0.014855 0.011409 0 0 0
0.000923 0 0.013769 0 0 0
0.033159 0.022889 0.00149 0.007244 0 0.023642
0.000921 0 0 0 0.00226 0
0.035587 0 0.022537 0 0.004911 0.11205
